date,actual_deaths,total_deaths,predicted_deaths_mean,predicted_deaths_lower,predicted_deaths_upper,predicted_total_deaths_mean,predicted_total_deaths_lower,predicted_total_deaths_upper,predicted_new_infected_mean,predicted_new_infected_lower,predicted_new_infected_upper,predicted_current_infected_mean,predicted_current_infected_lower,predicted_current_infected_upper,predicted_total_infected_mean,predicted_total_infected_lower,predicted_total_infected_upper,r_values_mean,r_values_lower,r_values_upper
2020-02-23,,,,,,,,,53,28,73,53,28,73,53,28,73,1.94084801942,1.6,2.2
2020-02-24,,,,,,,,,53,28,73,107,56,146,107,56,146,1.94074264835,1.59956985995,2.19999570917
2020-02-25,,,,,,,,,53,28,73,160,84,219,160,84,219,1.94071108632,1.59944879623,2.19999394257
2020-02-26,,,,,,,,,53,28,73,213,112,292,213,112,292,1.94066991299,1.59929371133,2.19999144841
2020-02-27,,,,,,,,,53,28,73,267,141,365,267,141,365,1.94061614716,1.59908400198,2.19998759034
2020-02-28,,,,,,,,,53,28,73,320,169,438,320,169,438,1.94054586462,1.59882716303,2.19998242809
2020-02-29,,,,,,,,,53,28,73,373,197,511,373,197,511,1.94045389399,1.59849854182,2.19997566079
2020-03-01,,,,,,,,,53,28,73,426,225,584,426,225,584,1.94033341285,1.59807822807,2.19996614965
2020-03-02,,,,,,,,,53,28,73,480,254,657,480,254,657,1.94017541137,1.59754088629,2.19995291878
2020-03-03,,,,,,,,,156,83,231,636,338,888,636,338,888,1.93996301124,1.59684959876,2.1999300162
2020-03-04,,,,,,,,,156,83,230,792,421,1117,792,421,1117,1.93968977301,1.59597249282,2.19990324496
2020-03-05,,,,,,,,,165,88,246,957,510,1363,957,510,1363,1.9393292782,1.5948529936,2.19986336886
2020-03-06,,,,,,,,,185,100,280,1141,610,1642,1141,610,1642,1.93885512727,1.59342730924,2.19980692867
2020-03-07,,,,,,,,,225,120,350,1366,731,1991,1366,731,1991,1.93823062375,1.59161436461,2.19972561867
2020-03-08,,,,,,,,,288,151,459,1654,883,2450,1654,883,2450,1.93740723375,1.58931344014,2.19960491709
2020-03-09,,,,,,,,,339,176,548,1940,1031,2925,1993,1060,2998,1.93632069416,1.58640042868,2.19945142665
2020-03-10,,,,,,,,,385,198,633,2272,1202,3484,2378,1258,3630,1.93488626389,1.5827242567,2.19922923742
2020-03-11,,,,,,,,,443,224,742,2661,1398,4153,2821,1483,4372,1.93299297962,1.57810404893,2.19892332392
2020-03-12,,,,,,,,,514,256,881,3122,1627,4960,3335,1739,5252,1.93049542709,1.57226412513,2.19847517326
2020-03-13,,,,,,,,,605,295,1060,3674,1894,5946,3941,2035,6311,1.92720435744,1.56469803307,2.19783616329
2020-03-14,,,,,,,,,705,339,1250,4325,2206,7123,4645,2375,7561,1.92287615681,1.55526346497,2.19692835898
2020-03-15,,,,,,,,,811,380,1457,5083,2558,8506,5456,2756,9017,1.9172015602,1.54361351822,2.19563877906
2020-03-16,,,,,,,,,931,430,1689,5961,2960,10122,6387,3186,10706,1.90979579544,1.5313874058,2.19380794689
2020-03-17,,,,,,,,,1070,483,1951,6977,3415,12000,7457,3669,12657,1.90019286208,1.51589465548,2.19121097291
2020-03-18,1,1,,,,,,,1229,538,2263,8050,3870,14032,8686,4208,14919,1.88784946016,1.49783858526,2.18753195857
2020-03-19,0,1,,,,,,,1407,603,2619,9302,4389,16421,10093,4811,17537,1.87216528606,1.47643838406,2.18252336461
2020-03-20,0,1,,,,,,,1602,672,3025,10738,4972,19200,11695,5483,20562,1.85252594428,1.45351410865,2.17525675762
2020-03-21,1,2,,,,,,,1813,740,3502,12367,5613,22422,13508,6224,24064,1.82837047821,1.42806027096,2.16532756197
2020-03-22,0,2,,,,,,,2043,809,3997,14184,6302,26070,15551,7033,28061,1.7992760936,1.39977766731,2.15123526485
2020-03-23,1,3,,,,,,,2289,885,4610,16186,7035,30221,17840,7919,32671,1.76504201275,1.37739173526,2.13173713005
2020-03-24,1,4,,,,,,,2549,964,5314,18396,7824,34986,20389,8884,37984,1.72574993478,1.36379644202,2.10500353081
2020-03-25,1,5,,,,,,,2816,1024,5959,20827,8650,40313,23205,9908,43943,1.6817858079,1.3226271958,2.07031673344
2020-03-26,0,5,,,,,,,3088,1096,6516,23472,9521,46087,26293,11005,50458,1.63382209221,1.29399669171,2.02352134533
2020-03-27,0,5,,,,,,,3358,1169,7105,26316,10434,52310,29651,12174,57562,1.58277100981,1.26014912218,1.96430911894
2020-03-28,0,5,,,,,,,3623,1231,7761,29333,11370,59012,33274,13405,65323,1.52972351001,1.21680072863,1.88989183947
2020-03-29,0,5,,,,,,,3877,1273,8336,32505,12303,66098,37151,14678,73658,1.47588788227,1.18213988673,1.82581988615
2020-03-30,0,5,,,,,,,4114,1330,8983,35808,13252,73624,41264,16009,82641,1.4225355481,1.15199015544,1.76245170605
2020-03-31,0,5,,,,,,,4331,1385,9721,39207,14208,81656,45595,17395,92361,1.37094840752,1.13337659961,1.69430533785
2020-04-01,1,6,,,,,,,4525,1430,10292,42663,15156,89997,50120,18825,102653,1.32235097919,1.11011142505,1.62374539866
2020-04-02,0,6,,,,,,,4696,1474,10783,46129,16091,98516,54815,20300,113435,1.27781584977,1.08681304528,1.54910295992
2020-04-03,0,6,,,,,,,4845,1520,11268,49567,17009,107166,59661,21820,124703,1.23815399436,1.07214975666,1.46449870633
2020-04-04,2,8,,,,,,,4975,1570,11439,52941,17907,115580,64636,23390,136142,1.20382506487,1.05753472278,1.39949599666
2020-04-05,1,9,,,,,,,5088,1607,11559,56216,18773,123637,69724,24997,147700,1.17490577413,1.04418823802,1.33924792761
2020-04-06,3,12,,,,,,,5188,1653,11629,59361,19617,131269,74912,26651,159329,1.15113129536,1.0266577481,1.28790590252
2020-04-07,5,17,,,,,,,5277,1694,11707,62349,20426,138366,80188,28345,171036,1.13199159461,1.0150759944,1.24890785638
2020-04-08,3,20,,,,,,,5358,1735,11822,65158,21196,144874,85546,30080,182858,1.11684585621,1.00575501549,1.22226612155
2020-04-09,1,21,,,,,,,5433,1775,11902,67774,21947,150817,90979,31856,194759,1.105022274,0.99417317747,1.19901305
2020-04-10,6,27,,,,,,,5503,1829,11953,70190,22681,156254,96482,33686,206712,1.09588715557,0.980747474671,1.18318218796
2020-04-11,3,30,,,,,,,5571,1880,11965,72402,23392,161115,102053,35567,218676,1.08888266,0.96621408548,1.17225504151
2020-04-12,4,34,,,,,,,5636,1930,11844,74415,24091,165198,107689,37497,230520,1.08354047627,0.95503865573,1.1662967304
2020-04-13,5,39,,,,,,,5700,1968,11804,76239,24786,168666,113390,39465,242324,1.07948035155,0.951376633155,1.16230117804
2020-04-14,7,46,,,,,,,5764,2002,11810,77889,25459,171492,119154,41468,254133,1.07640076675,0.950465022308,1.1595274629
2020-04-15,4,50,,,,,,,5828,2035,11713,79387,26108,173484,124982,43503,265845,1.07406664558,0.945123759932,1.15733968805
2020-04-16,10,60,,,,,,,5892,2091,11654,80754,26769,174846,130873,45595,277499,1.07229691092,0.937930004414,1.15561461419
2020-04-17,15,75,,,,,,,5957,2148,11585,82014,27443,175648,136830,47743,289083,1.0709532681,0.92969970752,1.15425404595
2020-04-18,9,84,,,,,,,6022,2190,11472,83191,28113,175852,142852,49934,300554,1.06993072664,0.923129455923,1.15318006776
2020-04-19,7,91,,,,,,,6089,2222,11522,84305,28765,175935,148941,52156,312076,1.06914990568,0.918320284583,1.15229149395
2020-04-20,10,101,,,,,,,6156,2272,11662,85373,29431,176037,155097,54429,323737,1.06853777496,0.914069782388,1.15165127914
2020-04-21,9,110,,,,,,,6225,2314,11736,86411,30092,176144,161322,56744,335473,1.06804250872,0.910689435567,1.1511205755
2020-04-22,10,120,,,,,,,6296,2364,11874,87430,30762,176311,167618,59108,347346,1.06763165863,0.908002278481,1.15054102735
2020-04-23,7,127,,,,,,,6367,2414,11648,88439,31441,176136,173985,61522,358994,1.06730100916,0.905815266344,1.15010107766
2020-04-24,4,131,,,,,,,6441,2476,11602,89447,32142,175836,180426,63999,370595,1.06702597262,0.904105361357,1.14978773337
2020-04-25,9,140,,,,,,,6515,2536,11517,90459,32849,175401,186941,66536,382112,1.06676089113,0.902800952031,1.14962754313
2020-04-26,5,145,,,,,,,6592,2591,11633,91480,33560,175068,193533,69127,393744,1.06662228094,0.901954278198,1.14955436156
2020-04-27,7,152,,,,,,,6670,2632,11817,92513,34263,175040,200203,71760,405560,1.06646181727,0.902416552407,1.14947521948
2020-04-28,3,155,,,,,,,6750,2710,12072,93563,35005,175309,206953,74471,417632,1.06636940466,0.903191750599,1.14937434771
2020-04-29,8,163,,,,,,,6832,2713,12274,94631,35716,175772,213784,77185,429905,1.06628479318,0.904137873912,1.14933904937
2020-04-30,5,168,,,,,,,6915,2755,12274,95718,36436,176333,220700,79940,442178,1.06618047047,0.905289287017,1.14923115011
2020-05-01,2,170,,,,,,,7001,2805,12265,96827,37149,176944,227700,82745,454442,1.06609043283,0.906686417889,1.14918583837
2020-05-02,5,175,,,,,,,7088,2855,12308,97958,37857,177668,234788,85601,466750,1.06598981685,0.90837641613,1.14914232587
2020-05-03,2,177,,,,,,,7177,2899,12478,99113,38566,178674,241965,88500,479228,1.0658765382,0.91041368196,1.14909415127
2020-05-04,5,182,,,,,,,7267,2969,12752,100292,39314,179903,249233,91470,491979,1.06574813195,0.912860135237,1.14902408683
2020-05-05,1,183,,,,,,,7360,3010,12984,101495,40051,181226,256592,94480,504962,1.0656017016,0.915785058712,1.14896259125
2020-05-06,3,186,,,,,,,7454,3038,13230,102723,40775,182719,264046,97519,518191,1.06543387239,0.919264291324,1.14888294646
2020-05-07,13,199,,,,,,,7549,3069,13512,103977,41480,184358,271595,100589,531703,1.06524075048,0.923378503222,1.14879649531
2020-05-08,7,206,,,,,,,7646,3116,13665,105255,42182,186375,279241,103705,545368,1.06501789249,0.928198396795,1.14869351218
2020-05-09,8,214,,,,,,,7744,3139,13902,106558,42845,188674,286984,106844,559269,1.06476029205,0.933828030703,1.14856724416
2020-05-10,14,228,,,,,,,7842,3130,14069,107886,43438,191226,294827,109974,573337,1.0644623867,0.940326706594,1.14840992801
2020-05-11,11,239,,,,,,,7942,3148,14189,109236,43995,193782,302768,113123,587525,1.06411808979,0.947749614669,1.1482112696
2020-05-12,11,250,,,,,,,8042,3167,14464,110607,44530,196429,310810,116291,601989,1.06372085044,0.949438155532,1.14795754005
2020-05-13,19,269,,,,,,,8141,3208,14675,111999,45028,199033,318951,119499,616664,1.06326374568,0.950100635962,1.14763049952
2020-05-14,14,283,,,,,,,8240,3234,14807,113407,45548,201566,327192,122733,631470,1.06273961577,0.95267387161,1.14720604272
2020-05-15,15,298,,,,,,,8338,3287,14952,114830,46081,204244,335530,126021,646421,1.06214126918,0.953802192088,1.14665254296
2020-05-16,16,314,,,,,,,8435,3345,15198,116264,46621,207177,343965,129366,661619,1.06146181135,0.955389248135,1.14594623544
2020-05-17,14,328,,,,,,,8529,3411,15371,117706,47176,210239,352494,132777,676989,1.0606951852,0.95699664008,1.14500272131
2020-05-18,21,349,,,,,,,8621,3474,15378,119150,47751,213140,361116,136252,692367,1.05983702923,0.961380695614,1.14377539202
2020-05-19,21,370,,,,,,,8711,3536,15364,120594,48318,215752,369826,139789,707730,1.0588859182,0.965423897895,1.14224866282
2020-05-20,16,386,,,,,,,8797,3606,15352,122031,48915,218120,378623,143396,723082,1.0578449005,0.969623151688,1.1403114525
2020-05-21,22,408,,,,,,,8880,3691,15539,123458,49567,220430,387504,147087,738620,1.05672298273,0.979450345388,1.13772125125
2020-05-22,24,432,,,,,,,8960,3785,15609,124869,50283,222526,396463,150872,754229,1.05553595054,0.976333167485,1.13755393632
2020-05-23,20,452,,,,,,,9036,3841,15624,126259,51009,224485,405500,154714,769852,1.05430589568,0.973517680207,1.13997903196
2020-05-24,28,480,,,,,,,9109,3938,15608,127625,51807,226191,414609,158652,785460,1.05305923342,0.97480169522,1.14207918771
2020-05-25,21,501,,,,,,,9180,4041,15550,128963,52718,227673,423789,162693,801010,1.05182370797,0.968470566323,1.14369119877
2020-05-26,21,522,,,,,,,9248,4161,15477,130269,53732,228961,433038,166855,816486,1.05062539698,0.963214989544,1.14828606852
2020-05-27,22,544,,,,,,,9314,4261,15376,131542,54825,229874,442352,171116,831862,1.04948659728,0.959452022825,1.14843851625
2020-05-28,15,559,,,,,,,9378,4374,15283,132779,55991,230481,451731,175491,847144,1.04842482949,0.956302603225,1.1483864712
2020-05-29,23,582,,,,,,,9441,4493,15180,133980,57250,230854,461172,179984,862323,1.04745257191,0.953865403528,1.14833264419
2020-05-30,28,610,,,,,,,9503,4615,15047,135145,58578,230949,470674,184599,877370,1.04657727737,0.952003401765,1.14827731156
2020-05-31,40,650,,,,,,,9564,4750,14908,136274,59983,230659,480238,189350,892278,1.04580151908,0.950584346126,1.14822063646
2020-06-01,22,672,,,,,,,9625,4891,14826,137369,61463,230114,489863,194241,907103,1.04512339287,0.94950310122,1.14831963078
2020-06-02,37,709,,,,,,,9686,5047,14747,138434,63036,229483,499549,199288,921849,1.04453729589,0.94867764916,1.14834638704
2020-06-03,37,746,,,,,,,9747,5170,14655,139470,64670,228774,509296,204459,936504,1.04403500941,0.9480448762,1.14836188823
2020-06-04,35,781,,,,,,,9809,5316,14533,140482,66379,227955,519106,209776,951037,1.04360686633,0.947541642721,1.14832930197
2020-06-05,30,811,,,,,,,9872,5460,14452,141474,68149,226868,528978,215236,965488,1.04324277949,0.947172862921,1.14827466112
2020-06-06,35,846,,,,,,,9936,5586,14538,142450,69950,225797,538913,220823,980025,1.04293300275,0.946783384448,1.14823723548
2020-06-07,42,888,,,,,,,10001,5784,14394,143414,71892,224567,548914,226607,994419,1.04266860377,0.946340174289,1.14819429904
2020-06-08,42,930,,,,,,,10066,5877,14364,144371,73832,223323,558980,232484,1008782,1.04240061959,0.945975354103,1.14789226295
2020-06-09,45,975,,,,,,,10134,5935,14363,145325,75726,222136,569114,238419,1023145,1.04219020802,0.945656696484,1.14796902313
2020-06-10,37,1012,,,,,,,10202,6077,14390,146279,77641,221049,579316,244497,1037534,1.04199984437,0.945494167518,1.14790356384
2020-06-11,37,1049,,,,,,,10272,6183,14443,147236,79563,220115,589589,250680,1051977,1.04182308548,0.945367785827,1.14780594172
2020-06-12,46,1095,,,,,,,10344,6283,14359,148202,81472,219192,599932,256963,1066335,1.04165377339,0.9452404979,1.14784545123
2020-06-13,44,1139,,,,,,,10416,6459,14397,149177,83438,218409,610348,263422,1080732,1.04143383153,0.945131048291,1.14772140845
2020-06-14,32,1171,,,,,,,10490,6559,14377,150164,85381,217739,620838,269981,1095109,1.04125023305,0.945048077909,1.14775515329
2020-06-15,38,1209,,,,,,,10566,6692,14489,151166,87324,217320,631404,276674,1109597,1.04104868905,0.944931609999,1.14771809597
2020-06-16,53,1262,,,,,,,10642,6799,14695,152183,89232,217190,642046,283474,1124292,1.04081962722,0.94477009549,1.14775617634
2020-06-17,43,1305,,,,,,,10720,6867,14952,153217,91053,217395,652766,290341,1139243,1.04055155629,0.944644393826,1.14775993064
2020-06-18,38,1343,,,,,,,10797,7019,15290,154267,92902,218029,663563,297361,1154533,1.04014045928,0.944526004623,1.14761491459
2020-06-19,45,1388,,,,,,,10876,7188,15416,155334,94773,218912,674440,304549,1169949,1.03973320519,0.944426697608,1.14745816926
2020-06-20,37,1425,,,,,,,10955,7265,15466,156418,96578,219927,685395,311815,1185414,1.03923113833,0.94433490343,1.14724504079
2020-06-21,39,1464,,,,,,,11034,7338,15547,157516,98330,220935,696430,319153,1200960,1.03861220404,0.944266537701,1.14715330887
2020-06-22,38,1502,,,,,,,11112,7412,15738,158628,99959,222280,707542,326566,1216698,1.03785363638,0.944198943273,1.14700199759
2020-06-23,43,1545,,,,,,,11188,7505,16107,159749,101586,224023,718729,334071,1232805,1.03690625944,0.944009840274,1.14674898747
2020-06-24,37,1582,,,,,,,11262,7667,16321,160877,103318,225981,729991,341738,1249125,1.03580621462,0.943867448797,1.14632380214
2020-06-25,39,1621,,,,,,,11333,7718,16421,162008,104959,228012,741325,349456,1265545,1.03451938537,0.943683040234,1.14543288139
2020-06-26,40,1661,,,,,,,11401,7815,16414,163137,106591,229982,752726,357272,1281959,1.03304746351,0.943606952337,1.14469379738
2020-06-27,34,1695,,,,,,,11466,7949,16460,164259,108258,232083,764191,365221,1298418,1.03140265857,0.943536183823,1.1438908215
2020-06-28,43,1738,,,,,,,11525,8049,16609,165368,109848,234295,775717,373271,1315026,1.02957805755,0.943458380715,1.1430907729
2020-06-29,45,1783,,,,,,,11581,8059,16745,166459,111349,236662,787298,381330,1331770,1.02765120822,0.943383151085,1.14212324992
2020-06-30,64,1847,,,,,,,11632,8009,16721,167526,112665,238895,798930,389340,1348491,1.0256243575,0.94330844015,1.14100059887
2020-07-01,41,1888,,,,,,,11678,8036,16725,168562,113902,240925,810608,397376,1365216,1.02352480264,0.943246559975,1.13894321814
2020-07-02,38,1926,,,,,,,11720,8000,16755,169562,115035,242727,822328,405377,1381970,1.02137908037,0.943144728281,1.13686147533
2020-07-03,42,1968,,,,,,,11757,7936,16845,170522,115952,244283,834085,413313,1398815,1.01921292151,0.942939928328,1.13464931779
2020-07-04,29,1997,,,,,,,11790,7858,16932,171435,116622,245799,845875,421172,1415747,1.01705119603,0.942796933017,1.13233668453
2020-07-05,55,2052,,,,,,,11818,7792,16831,172298,117149,247164,857693,428964,1432577,1.0149178927,0.942735423279,1.12628451669
2020-07-06,44,2096,,,,,,,11842,7736,16733,173106,117547,248350,869535,436701,1449310,1.01283620187,0.941294451617,1.12006947144
2020-07-07,55,2151,,,,,,,11863,7661,16615,173856,117796,249226,881398,444363,1465924,1.01082818896,0.939056155374,1.11492245236
2020-07-08,46,2197,,,,,,,11879,7597,16677,174548,117888,249797,893277,451960,1482601,1.00891330606,0.937703974849,1.10894220977
2020-07-09,41,2238,,,,,,,11893,7514,16653,175179,117735,250128,905170,459474,1499253,1.00710571794,0.936605057009,1.10127363505
2020-07-10,37,2275,,,,,,,11904,7429,16690,175750,117447,250398,917074,466904,1515943,1.0054115388,0.935523539768,1.09329483174
2020-07-11,30,2305,,,,,,,11912,7350,16798,176261,116982,250782,928987,474254,1532740,1.00382747538,0.934012353056,1.08559087496
2020-07-12,47,2352,,,,,,,11918,7266,16883,176713,116299,251205,940905,481521,1549622,1.00234168083,0.932521333253,1.07870743531
2020-07-13,39,2391,,,,,,,11922,7176,16937,177110,115427,251534,952827,488698,1566559,1.00093648752,0.93076155954,1.07265824704
2020-07-14,33,2424,,,,,,,11923,7095,17039,177452,114462,251827,964750,495793,1583597,0.999591960213,0.92873372952,1.0669889825
2020-07-15,33,2457,,,,,,,11922,7014,17156,177742,113467,252262,976671,502808,1600753,0.99828918629,0.928858035017,1.06326379231
2020-07-16,39,2496,,,,,,,11918,6934,17217,177981,112366,252754,988589,509742,1617970,0.997012636295,0.925679122912,1.05989672799
2020-07-17,51,2547,,,,,,,11912,6855,17268,178173,111221,253267,1000501,516598,1635237,0.995751407339,0.924693102167,1.05452548768
2020-07-18,34,2581,,,,,,,11904,6777,17420,178319,110063,253842,1012405,523376,1652657,0.994499490425,0.923431776797,1.05040314418
2020-07-19,37,2618,,,,,,,11893,6687,17470,178422,108892,254379,1024298,530064,1670126,0.993255349553,0.922335602617,1.04910076987
2020-07-20,50,2668,,,,,,,11880,6612,17564,178484,107712,255112,1036177,536676,1687689,0.992021116596,0.920817149539,1.04674318078
2020-07-21,41,2709,,,,,,,11864,6537,17585,178506,106512,255964,1048041,543213,1705273,0.990801651323,0.914717986783,1.0461477083
2020-07-22,42,2751,,,,,,,11847,6462,17623,178490,105313,256972,1059888,549676,1722896,0.989603634255,0.914117560929,1.04587281695
2020-07-23,50,2801,,,,,,,11827,6389,17651,178437,104105,257946,1071715,556066,1740546,0.988434779345,0.913735470222,1.0457085069
2020-07-24,35,2836,,,,,,,11805,6316,17672,178350,102908,258965,1083520,562383,1758218,0.987303189884,0.913831574097,1.04555395533
2020-07-25,38,2874,,,,,,,11782,6245,17730,178228,101723,260005,1095302,568628,1775947,0.986216841212,0.913386224823,1.04544870094
2020-07-26,54,2928,,,,,,,11757,6174,17875,178073,100547,261083,1107059,574802,1793822,0.985183157453,0.912634423509,1.04535223639
2020-07-27,37,2965,,,,,,,11731,6103,17982,177886,99384,262182,1118790,580905,1811804,0.984208652354,0.911376990233,1.04523133423
2020-07-28,35,3000,,,,,,,11704,6034,18133,177668,98241,263378,1130494,586940,1829937,0.983298620119,0.909420463348,1.04513768419
2020-07-29,35,3035,,,,,,,11676,5965,18256,177421,97112,264595,1142170,592905,1848192,0.982456882782,0.907238940523,1.04504558443
2020-07-30,48,3083,,,,,,,11647,5897,18329,177146,95995,265768,1153818,598803,1866520,0.981685616784,0.905181972887,1.04492703911
2020-07-31,28,3111,,,,,,,11618,5830,18400,176846,94890,266951,1165436,604633,1884920,0.980985285478,0.905114913092,1.04486084564
2020-08-01,21,3132,,,,,,,11589,5763,18528,176523,93798,268211,1177024,610397,1903448,0.980354694071,0.905050412099,1.04479406318
2020-08-02,22,3154,,,,,,,11559,5697,18631,176178,92718,269422,1188583,616095,1922078,0.979791163535,0.908185312052,1.04473704306
2020-08-03,30,3184,,,,,,,11529,5632,18796,175815,91663,270749,1200112,621727,1940874,0.979290798858,0.907589446652,1.04450601377
2020-08-04,50,3234,,,,,,,11500,5568,18870,175435,90619,272055,1211612,627296,1959743,0.978848812663,0.904910263363,1.0444382048
2020-08-05,33,3267,,,,,,,11471,5504,18998,175042,89587,273468,1223083,632801,1978740,0.978459861502,0.903549038709,1.04437085919
2020-08-06,39,3306,,,,,,,11442,5441,19112,174638,88566,274956,1234526,638243,1997852,0.978118358138,0.903484987495,1.04430326162
2020-08-07,27,3333,,,,,,,11414,5357,19137,174225,87533,276443,1245940,643600,2016988,0.977818734806,0.903423905295,1.04421340218
2020-08-08,32,3365,,,,,,,11386,5295,19198,173806,86512,277969,1257326,648895,2036186,0.977555645417,0.902521918913,1.04414098392
2020-08-09,34,3399,,,,,,,11359,5234,19261,173383,85502,279499,1268685,654130,2055446,0.977324105631,0.900633035456,1.04406792991
2020-08-10,39,3438,,,,,,,11333,5174,19347,172959,84502,280971,1280018,659304,2074792,0.977119577138,0.899440592709,1.0439942357
2020-08-11,33,3471,,,,,,,11307,5114,19528,172534,83513,282516,1291325,664419,2094320,0.976938006416,0.898336965842,1.0439198968
2020-08-12,42,3513,,,,,,,11282,5056,19726,172112,82535,284109,1302607,669475,2114046,0.976775829253,0.897283230721,1.04384490872
2020-08-13,44,3557,,,,,,,11257,4997,19874,171694,81568,285727,1313864,674473,2133919,0.976629951581,0.895963904737,1.04376926696
2020-08-14,34,3591,,,,,,,11234,4938,20057,171280,80609,287456,1325098,679412,2153976,0.976497715488,0.895515840059,1.04369296703
2020-08-15,34,3625,,,,,,,11211,4872,20244,170873,79651,289300,1336309,684285,2174220,0.976376857246,0.895137207884,1.04361600439
2020-08-16,32,3657,,,,,,,11189,4817,20265,170473,78705,291037,1347497,689102,2194484,0.976265462341,0.894816716741,1.04353837452
2020-08-17,37,3694,,,,,,,11167,4762,20408,170081,77769,292814,1358664,693864,2214892,0.976161920862,0.894544766504,1.0434600729
2020-08-18,46,3740,,,,,,,11146,4707,20602,169698,76843,294620,1369811,698571,2235493,0.976064885344,0.894313251206,1.04337221501
2020-08-19,41,3781,,,,,,,11126,4622,20799,169325,75898,296549,1380937,703194,2256292,0.975973232266,0.894115364444,1.04328865649
2020-08-20,41,3822,,,,,,,11107,4505,20909,168961,74898,298460,1392044,707699,2277200,0.975886027699,0.893945416571,1.04320438028
2020-08-21,39,3861,,,,,,,11089,4401,21168,168607,73858,300516,1403133,712101,2298367,0.975802497223,0.893297067493,1.04311938167
2020-08-22,46,3907,,,,,,,11071,4350,21409,168264,72851,302788,1414204,716451,2319775,0.975721999941,0.893214040412,1.04303365593
2020-08-23,34,3941,,,,,,,11054,4300,21665,167931,71857,305255,1425257,720752,2341440,0.975644006269,0.893139154289,1.04294719834
2020-08-24,42,3983,,,,,,,11047,4247,21808,167619,70869,307802,1436304,725000,2363247,0.97644489605,0.896471623324,1.04486059938
2020-08-25,45,4028,,,,,,,11041,4196,22029,167328,69891,310484,1447346,729196,2385276,0.977250819963,0.898029892161,1.04763091038
2020-08-26,54,4082,,,,,,,11036,4148,22099,167057,68925,313055,1458382,733344,2407374,0.97806143489,0.899460744572,1.04956671808
2020-08-27,45,4127,,,,,,,11033,4101,22291,166808,67970,315619,1469415,737446,2429664,0.978876506553,0.90028558771,1.05169280925
2020-08-28,47,4174,,,,,,,11033,4053,22447,166583,67026,318192,1480447,741500,2452111,0.979695839857,0.899492476471,1.05418537906
2020-08-29,32,4206,,,,,,,11036,4000,22622,166385,66088,320756,1491483,745500,2474732,0.980519271372,0.900562829586,1.05719192835
2020-08-30,42,4248,,,,,,,11042,3947,22853,166216,65162,323365,1502525,749447,2497584,0.981346659945,0.900468448741,1.05950679926
2020-08-31,33,4281,,,,,,,11051,3893,22967,166079,64239,326066,1513576,753341,2520550,0.982177881095,0.903081110281,1.06225445574
2020-09-01,35,4316,,,,,,,11062,3840,23248,165973,63317,328907,1524637,757181,2543798,0.983012834017,0.903452690687,1.06493043558
2020-09-02,35,4351,,,,,,,11075,3787,23584,165902,62397,331889,1535713,760969,2567382,0.98385143701,0.905394459564,1.06844036093
2020-09-03,32,4383,,,,,,,11092,3734,23674,165868,61508,334764,1546805,764703,2591055,0.984693620906,0.905960792151,1.07119660026
2020-09-04,29,4412,,,,,,,11112,3680,24044,165872,60684,337899,1557917,768383,2615098,0.985539326423,0.903822830595,1.07386712172
2020-09-05,35,4447,,,,,,,11134,3627,24253,165918,59910,340984,1569051,772011,2639351,0.986388500155,0.903828721271,1.07691329989
2020-09-06,,,33.9983077406,16,57,4480.99830774,4463,4504,11160,3574,24633,166008,59133,344209,1580211,775585,2663984,0.9872410954,0.903835210913,1.08052504337
2020-09-07,,,33.7944176467,15,57,4514.79272539,4478,4561,11189,3521,25019,166142,58354,347563,1591400,779106,2689003,0.98809707172,0.903376583052,1.08332659976
2020-09-08,,,33.5922375468,15,57,4548.38496293,4494,4618,11220,3463,25414,166316,57570,351169,1602620,782570,2714416,0.988956393464,0.900967664439,1.08676185981
2020-09-09,,,33.3920296775,15,58,4581.77699261,4509,4675,11255,3406,25665,166530,56780,354805,1613876,785977,2740080,0.989819028329,0.900594214219,1.09002324554
2020-09-10,,,33.1941305308,15,58,4614.97112314,4524,4733,11294,3345,25942,166788,55977,358648,1625170,789322,2766022,0.990684946019,0.901977720977,1.09248850194
2020-09-11,,,32.9989378548,14,58,4647.970061,4539,4790,11336,3270,26313,167090,55146,362670,1636505,792592,2792334,0.991554117843,0.90189406197,1.09542532696
2020-09-12,,,32.8069059609,14,59,4680.77696696,4554,4848,11381,3216,26715,167439,54309,366938,1647886,795809,2819049,0.992426516589,0.902504908483,1.098577858
2020-09-13,,,32.6184406317,14,59,4713.39540759,4568,4907,11430,3151,27154,167833,53460,371471,1659316,798961,2846203,0.99330211615,0.902264108332,1.10221082272
2020-09-14,,,32.4338294401,14,59,4745.82923703,4582,4965,11483,3084,27610,168274,52597,376229,1670799,802045,2873813,0.994180891043,0.898096111729,1.10614117703
2020-09-15,,,32.2533976395,13,59,4778.08263467,4596,5024,11539,3018,28278,168762,51722,381540,1682338,805063,2902090,0.995062815894,0.89688056562,1.11008230859
2020-09-16,,,32.0775010577,13,59,4810.16013573,4610,5082,11600,2952,29049,169301,50834,387341,1693938,808015,2931139,0.995947865117,0.896484796779,1.11389172807
2020-09-17,,,31.9065093969,13,60,4842.06664512,4623,5142,11665,2886,29581,169890,49933,393339,1705603,810902,2960720,0.996836012759,0.896026670134,1.11709334375
2020-09-18,,,31.7407760853,13,60,4873.80742121,4637,5201,11734,2822,30084,170532,49021,399749,1717337,813724,2990803,0.997727232345,0.895255238535,1.12046795582
2020-09-19,,,31.5805194558,13,60,4905.38794066,4650,5261,11808,2758,30604,171227,48098,406308,1729144,816482,3021406,0.998621496688,0.893643037482,1.12357156839
2020-09-20,,,31.3913301789,12,60,4936.77927084,4662,5321,11886,2694,31252,171979,47165,413306,1741030,819177,3052657,0.999518777662,0.892906520281,1.1268074831
2020-09-21,,,31.2085195991,12,61,4967.98779044,4675,5381,11969,2631,31744,172788,46223,420417,1752999,821808,3084401,1.000419046,0.890686450364,1.13017344339
2020-09-22,,,31.0323424368,12,61,4999.02013288,4687,5442,12057,2569,32262,173657,45271,427660,1765057,824377,3116662,1.00132227116,0.888898656767,1.13323916577
2020-09-23,,,30.8630513517,11,61,5029.88318423,4699,5502,12151,2507,32876,174587,44314,435122,1777208,826885,3149537,1.00222842117,0.887724026589,1.13642568024
2020-09-24,,,30.7006636376,11,61,5060.58384787,4711,5563,12250,2446,33515,175582,43354,442972,1789458,829331,3183052,1.00313746253,0.886701239357,1.1396163626
2020-09-25,,,30.5452388911,11,62,5091.12908676,4722,5624,12355,2386,34134,176643,42395,451164,1801813,831717,3217185,1.00404936001,0.885680195538,1.14281096043
2020-09-26,,,30.3968718655,11,62,5121.52595863,4733,5685,12466,2326,34776,177774,41451,459628,1814279,834044,3251961,1.00496407655,0.88535335526,1.14600920623
2020-09-27,,,30.2556790351,10,62,5151.78163766,4744,5747,12583,2267,35620,178976,40502,468532,1826862,836311,3287580,1.00588157308,0.885242899586,1.1492108165
2020-09-28,,,30.1217739097,10,62,5181.90341157,4755,5809,12707,2210,36378,180253,39561,477756,1839569,838522,3323958,1.00680180836,0.885342005723,1.15241549075
2020-09-29,,,29.9952392929,10,63,5211.89865086,4766,5871,12838,2154,37165,181608,38631,487311,1852407,840676,3361123,1.00772727623,0.883605319972,1.15562291043
2020-09-30,,,29.8761530944,10,63,5241.77480396,4776,5934,12976,2099,37982,183045,37712,497015,1865383,842776,3399105,1.00865712128,0.882335828669,1.15937314677
2020-10-01,,,29.7646072322,10,63,5271.53941119,4786,5996,13121,2043,38830,184567,36804,506796,1878505,844820,3437934,1.00960605709,0.881227439138,1.16372339046
2020-10-02,,,29.6607090266,10,64,5301.20012022,4796,6059,13275,1983,39882,186177,35901,517097,1891780,846803,3477816,1.01056447706,0.879748340674,1.16808728668
2020-10-03,,,29.5645798783,9,64,5330.7647001,4806,6123,13437,1925,40952,187880,35004,527965,1905217,848729,3518767,1.0115286312,0.878117036157,1.17245925153
2020-10-04,,,29.4763413127,9,65,5360.24104141,4816,6187,13608,1873,42189,189680,34120,539550,1918824,850603,3560956,1.01249748086,0.876678946415,1.17683723919
2020-10-05,,,29.3961175824,9,66,5389.63715899,4825,6253,13788,1822,43532,191582,33248,551831,1932612,852425,3604488,1.0134697822,0.875308218004,1.1808560742
2020-10-06,,,29.3240417134,9,66,5418.9612007,4834,6318,13977,1795,45061,193590,32412,565148,1946589,854221,3649549,1.01444429865,0.873896362738,1.18232038165
2020-10-07,,,29.2602591822,9,66,5448.22145989,4843,6384,14177,1772,46851,195710,31615,579738,1960766,855993,3696399,1.01542164353,0.872515331938,1.18577066392
2020-10-08,,,29.2049285842,8,67,5477.42638847,4852,6450,14387,1750,48514,197946,30858,595376,1975153,857743,3744912,1.01640516979,0.870742064713,1.18922112547
2020-10-09,,,29.1582141195,8,67,5506.58460259,4861,6517,14609,1716,50510,200305,30127,612371,1989763,859459,3795422,1.0174005504,0.870090089621,1.19267117569
2020-10-10,,,29.1202854102,8,68,5535.704888,4870,6584,14843,1663,52627,202792,29405,630863,2004605,861123,3848048,1.01839893409,0.869002116885,1.1961201857
2020-10-11,,,29.0913191342,8,69,5564.79620713,4878,6653,15089,1612,54872,205415,28691,650960,2019694,862736,3902920,1.01940566671,0.867426473737,1.19956748576
2020-10-12,,,29.0715006355,8,70,5593.86770777,4886,6722,15348,1564,57255,208180,27988,672595,2035042,864300,3960175,1.02042053004,0.865854285511,1.20165139612
2020-10-13,,,29.061029715,7,71,5622.92873748,4894,6793,15621,1536,59803,211094,27315,696019,2050664,865837,4019977,1.02143794035,0.864285534392,1.20527917227
2020-10-14,,,29.0601245411,7,72,5651.98886203,4902,6865,15909,1518,61975,214165,26678,720829,2066573,867355,4081951,1.02245826401,0.862815216217,1.20890396147
2020-10-15,,,29.0690157238,7,73,5681.05787775,4909,6938,16212,1495,64259,217402,26074,747106,2082785,868851,4146210,1.02348094119,0.862284494652,1.21252488143
2020-10-16,,,29.0879472353,7,74,5710.14582498,4916,7012,16532,1454,66305,220812,25485,774580,2099316,870306,4212514,1.02451313427,0.862033250673,1.2161409905
2020-10-17,,,29.1171790997,7,75,5739.26300408,4924,7086,16868,1412,67753,224405,24915,802452,2116185,871719,4280267,1.02555059211,0.861616955758,1.21975128349
2020-10-18,,,29.1569899324,6,76,5768.41999402,4930,7162,17223,1372,69548,228191,24361,831048,2133408,873091,4349815,1.02659866598,0.861597255829,1.22303539878
2020-10-19,,,29.2076832988,6,77,5797.62767732,4937,7239,17597,1342,71587,232181,23830,860446,2151005,874433,4421401,1.02765702954,0.861019531413,1.22712440857
2020-10-20,,,29.2695825013,6,78,5826.89725982,4944,7316,17991,1318,73459,236385,23326,890372,2168997,875751,4494859,1.02872200684,0.860533915898,1.23121042103
2020-10-21,,,29.3430306353,6,79,5856.24029045,4950,7395,18407,1293,75835,240815,22824,921145,2187404,877045,4570694,1.02978854763,0.860269549139,1.23529229089
2020-10-22,,,29.4283911639,6,80,5885.66868162,4956,7474,18846,1254,78816,245484,22306,953110,2206250,878299,4649509,1.03086429898,0.858182745491,1.23936879002
2020-10-23,,,29.5260510995,6,81,5915.19473272,4962,7555,19308,1218,81726,250405,21774,986322,2225558,879518,4731234,1.03194401099,0.856981586265,1.24343860116
2020-10-24,,,29.6364336166,5,82,5944.83116633,4968,7637,19796,1183,84595,255592,21241,1020407,2245354,880701,4815828,1.03304041842,0.856167622884,1.2470683332
2020-10-25,,,29.7599888838,5,83,5974.59115522,4974,7720,20311,1150,88570,261060,20728,1056350,2265666,881851,4904398,1.03414745367,0.855660740204,1.25209371721
2020-10-26,,,29.8971952981,5,85,6004.48835051,4979,7804,20855,1117,92652,266827,20233,1094129,2286521,882969,4997049,1.03525497757,0.855122447906,1.25671143395
2020-10-27,,,30.0485606625,5,86,6034.53691118,4985,7890,21429,1086,97049,272907,19755,1133924,2307949,884055,5094098,1.03636436242,0.854858805748,1.26198018477
2020-10-28,,,30.214625647,5,88,6064.75153682,4990,7978,22034,1055,101714,279320,19273,1175835,2329984,885111,5195811,1.03747565511,0.854405024214,1.26665468389
2020-10-29,,,30.3959658092,5,90,6095.14750263,4995,8067,22674,1013,106700,286085,18769,1220560,2352658,886124,5302511,1.03859066826,0.853467053577,1.27132065216
2020-10-30,,,30.5931921951,4,92,6125.74069483,5000,8158,23350,981,111899,293223,18255,1268200,2376008,887106,5414409,1.03970921064,0.852530356881,1.27597612444
2020-10-31,,,30.8069540322,4,94,6156.54764886,5005,8251,24064,950,117087,300756,17750,1318982,2400072,888056,5531496,1.04082693759,0.851594926382,1.27747594753
2020-11-01,,,31.0379389195,4,96,6187.58558778,5009,8347,24819,920,122610,308706,17258,1373839,2424891,888977,5654105,1.04194960249,0.850748047732,1.29176796446
