date,actual_deaths,total_deaths,predicted_deaths_mean,predicted_deaths_lower,predicted_deaths_upper,predicted_total_deaths_mean,predicted_total_deaths_lower,predicted_total_deaths_upper,predicted_new_infected_mean,predicted_new_infected_lower,predicted_new_infected_upper,predicted_current_infected_mean,predicted_current_infected_lower,predicted_current_infected_upper,predicted_total_infected_mean,predicted_total_infected_lower,predicted_total_infected_upper,r_values_mean,r_values_lower,r_values_upper
2020-02-24,,,,,,,,,74,39,104,74,39,104,74,39,104,1.4068627451,1,1.8
2020-02-25,,,,,,,,,74,39,104,148,78,208,148,78,208,1.40669981976,0.999967142544,1.79997117072
2020-02-26,,,,,,,,,74,39,104,223,117,312,223,117,312,1.40662894532,0.999954428319,1.79995263078
2020-02-27,,,,,,,,,74,39,104,297,156,416,297,156,416,1.40652666511,0.999936791619,1.79992287022
2020-02-28,,,,,,,,,74,39,104,371,195,520,371,195,520,1.40637879381,0.99991165419,1.79987442548
2020-02-29,,,,,,,,,74,39,104,445,234,624,445,234,624,1.40616462434,0.999875004025,1.79979687289
2020-03-01,,,,,,,,,74,39,104,519,273,728,519,273,728,1.40585389419,0.999808802309,1.79967221125
2020-03-02,,,,,,,,,74,39,104,594,312,832,594,312,832,1.40540234737,0.999686853781,1.79946142269
2020-03-03,,,,,,,,,74,39,104,668,351,936,668,351,936,1.40474527275,0.999486558916,1.79916039038
2020-03-04,,,,,,,,,176,103,249,844,454,1185,844,454,1185,1.40368782377,0.999095470328,1.7986460642
2020-03-05,,,,,,,,,176,102,248,1020,556,1432,1020,556,1432,1.40228071109,0.998764409175,1.79781170337
2020-03-06,,,,,,,,,182,106,257,1201,663,1689,1201,663,1689,1.40021920741,0.99822080396,1.79658128137
2020-03-07,,,,,,,,,195,115,279,1397,779,1968,1397,779,1968,1.39723591382,0.997312697331,1.79491877986
2020-03-08,,,,,,,,,223,134,326,1620,913,2293,1620,913,2293,1.39292680919,0.996293270685,1.79249350826
2020-03-09,,,,,,,,,266,160,404,1886,1073,2696,1886,1073,2696,1.38673613782,0.994848784639,1.78890828367
2020-03-10,,,,,,,,,298,180,460,2109,1215,3051,2183,1254,3155,1.37792684226,0.992298325271,1.78363058565
2020-03-11,,,,,,,,,322,193,498,2357,1370,3444,2505,1448,3652,1.36558061606,0.988268551961,1.77621598335
2020-03-12,,,,,,,,,348,207,537,2630,1538,3877,2853,1655,4189,1.34866264556,0.983738322794,1.76516013531
2020-03-13,,,,,,,,,375,221,587,2931,1720,4359,3228,1876,4775,1.32617357108,0.977632477306,1.74507657285
2020-03-14,,,,,,,,,407,235,636,3264,1916,4891,3635,2111,5411,1.29740278017,0.965777540594,1.71659111473
2020-03-15,,,,,,,,,436,247,673,3626,2125,5460,4071,2359,6084,1.26219464969,0.934944722628,1.66988727543
2020-03-16,,,,,,,,,458,257,706,4009,2343,6061,4528,2616,6789,1.22107341475,0.902667578141,1.60400350249
2020-03-17,,,,,,,,,475,264,741,4409,2568,6697,5003,2880,7529,1.17515077423,0.861127507671,1.58163485509
2020-03-18,,,,,,,,,488,265,767,4823,2795,7359,5491,3146,8295,1.12589077113,0.807381401753,1.54536143718
2020-03-19,1,1,,,,,,,497,268,795,5143,2960,7906,5988,3414,9090,1.0748731911,0.75278136766,1.48895130423
2020-03-20,0,1,,,,,,,502,271,824,5470,3129,8482,6489,3686,9913,1.02362490165,0.707868362747,1.41989262346
2020-03-21,0,1,,,,,,,501,268,828,5789,3292,9052,6991,3955,10741,0.973524858714,0.672982279746,1.34416301234
2020-03-22,0,1,,,,,,,496,270,824,6090,3446,9597,7487,4225,11564,0.925783651802,0.658879702257,1.2798794272
2020-03-23,0,1,,,,,,,486,265,813,6353,3577,10084,7973,4490,12376,0.881478591135,0.639080578978,1.20136812483
2020-03-24,0,1,,,,,,,474,263,791,6562,3680,10472,8447,4754,13167,0.841576375016,0.627734221406,1.13962025101
2020-03-25,0,1,,,,,,,460,260,763,6724,3760,10775,8907,5014,13930,0.806875441644,0.61753853945,1.07413534831
2020-03-26,2,3,,,,,,,444,255,730,6846,3822,11007,9351,5270,14659,0.777869520927,0.610767509505,1.00131559615
2020-03-27,0,3,,,,,,,428,250,695,6926,3865,11165,9779,5520,15353,0.754611950001,0.606485859429,0.934193316852
2020-03-28,2,5,,,,,,,411,245,654,6962,3889,11232,10190,5765,16006,0.736687399204,0.603792984506,0.88099624863
2020-03-29,1,6,,,,,,,395,239,620,6950,3893,11215,10586,6005,16626,0.723333620719,0.602103539778,0.857784339045
2020-03-30,0,6,,,,,,,380,232,588,6895,3879,11130,10966,6238,17213,0.713643996568,0.601083836384,0.85156441356
2020-03-31,0,6,,,,,,,365,227,559,6803,3849,10984,11331,6466,17772,0.706744510756,0.600454387318,0.848492316754
2020-04-01,0,6,,,,,,,351,223,535,6680,3808,10778,11683,6689,18306,0.701892697135,0.600036276422,0.828400384254
2020-04-02,1,7,,,,,,,338,216,514,6530,3759,10524,12021,6905,18819,0.698506383462,0.599685337973,0.819643756034
2020-04-03,1,8,,,,,,,326,208,493,6359,3698,10223,12346,7113,19312,0.696151854878,0.599503605672,0.813404350551
2020-04-04,4,12,,,,,,,314,202,473,6171,3629,9872,12660,7315,19785,0.694516359885,0.599392463837,0.80898385863
2020-04-05,3,15,,,,,,,303,196,454,5972,3557,9498,12963,7512,20238,0.693378965324,0.59927468404,0.80586275931
2020-04-06,1,16,,,,,,,292,189,435,5768,3476,9109,13255,7702,20673,0.692585574441,0.599182884217,0.803662597186
2020-04-07,2,18,,,,,,,282,182,414,5564,3393,8711,13537,7884,21087,0.692029519405,0.599111753327,0.802111615699
2020-04-08,1,19,,,,,,,273,172,396,5363,3303,8316,13810,8057,21483,0.691637270168,0.599005903327,0.801016587811
2020-04-09,1,20,,,,,,,264,164,384,5167,3207,7937,14074,8222,21866,0.69135823473,0.59896214721,0.800241046905
2020-04-10,1,21,,,,,,,255,159,375,4978,3110,7582,14329,8381,22240,0.691157615042,0.598883728838,0.79969283796
2020-04-11,0,21,,,,,,,247,152,365,4798,3013,7252,14577,8533,22604,0.69101145941,0.598825706276,0.799375181896
2020-04-12,2,23,,,,,,,240,145,355,4626,2913,6953,14816,8679,22959,0.690903258476,0.59876351343,0.799238861918
2020-04-13,2,25,,,,,,,233,141,346,4463,2815,6679,15049,8820,23305,0.690821611197,0.598740509222,0.79919213655
2020-04-14,6,31,,,,,,,226,136,336,4309,2718,6427,15275,8957,23640,0.690758626698,0.598702830177,0.799158643615
2020-04-15,2,33,,,,,,,219,132,331,4162,2623,6199,15494,9090,23971,0.690708830042,0.598661469724,0.799082902971
2020-04-16,2,35,,,,,,,213,126,325,4024,2527,5989,15706,9216,24295,0.690668412432,0.598640526096,0.799064467909
2020-04-17,1,36,,,,,,,207,120,317,3892,2431,5793,15913,9337,24612,0.690637221072,0.598623516692,0.799046590706
2020-04-18,3,39,,,,,,,201,117,310,3767,2340,5610,16114,9454,24922,0.690612561728,0.598599351452,0.799029183566
2020-04-19,8,47,,,,,,,195,112,303,3649,2251,5440,16309,9567,25224,0.690596091213,0.598586927231,0.799013274116
2020-04-20,0,47,,,,,,,190,106,296,3536,2161,5282,16499,9673,25520,0.690585683542,0.598581099491,0.799000625079
2020-04-21,1,48,,,,,,,185,102,290,3429,2073,5137,16684,9776,25810,0.690587467151,0.598577351801,0.798999575517
2020-04-22,0,48,,,,,,,180,99,284,3327,1990,5007,16864,9875,26093,0.690597788403,0.598581962068,0.799004891021
2020-04-23,2,50,,,,,,,175,95,278,3229,1913,4889,17039,9970,26371,0.69061017223,0.598602300554,0.799011710203
2020-04-24,1,51,,,,,,,170,92,273,3135,1841,4778,17209,10063,26643,0.690634548189,0.598598050788,0.799025779644
2020-04-25,3,54,,,,,,,166,89,267,3046,1770,4670,17375,10152,26910,0.690665869368,0.598594720668,0.799049058116
2020-04-26,1,55,,,,,,,161,85,262,2960,1703,4568,17536,10237,27172,0.690713404497,0.59859367972,0.799098860749
2020-04-27,4,59,,,,,,,157,81,257,2877,1639,4470,17693,10318,27429,0.690780907949,0.598603469475,0.799205187534
2020-04-28,4,63,,,,,,,153,77,253,2797,1575,4377,17846,10395,27681,0.690872292899,0.598614453062,0.799452175466
2020-04-29,4,67,,,,,,,149,74,248,2721,1512,4289,17995,10469,27928,0.690996994575,0.598631014229,0.799775181021
2020-04-30,2,69,,,,,,,145,70,244,2647,1450,4201,18140,10540,28172,0.691165574615,0.598666342231,0.800195205585
2020-05-01,6,75,,,,,,,141,67,240,2575,1391,4116,18281,10608,28411,0.691392073147,0.598705400388,0.800738925819
2020-05-02,2,77,,,,,,,137,64,236,2506,1336,4034,18419,10673,28646,0.691695172905,0.598769027126,0.801440121677
2020-05-03,2,79,,,,,,,134,62,232,2439,1281,3956,18553,10735,28877,0.692099751303,0.59886036571,0.802341396406
2020-05-04,1,80,,,,,,,130,59,228,2374,1228,3880,18683,10795,29104,0.692638942415,0.598913350059,0.80349620343
2020-05-05,3,83,,,,,,,127,57,224,2310,1179,3807,18809,10853,29327,0.693356860789,0.599032675633,0.804971161653
2020-05-06,2,85,,,,,,,123,56,220,2249,1133,3737,18933,10909,29546,0.694312168298,0.599085738165,0.806848579302
2020-05-07,1,86,,,,,,,120,54,216,2189,1089,3668,19053,10964,29761,0.695582683827,0.599182764318,0.809229003637
2020-05-08,0,86,,,,,,,117,53,212,2131,1047,3602,19170,11017,29973,0.697271222667,0.599283174685,0.812233453737
2020-05-09,1,87,,,,,,,114,51,208,2074,1006,3538,19283,11069,30181,0.699512767551,0.599428436591,0.816004761867
2020-05-10,3,90,,,,,,,111,50,205,2019,967,3475,19394,11119,30385,0.702482843342,0.599637216247,0.820707143587
2020-05-11,1,91,,,,,,,108,48,201,1966,931,3414,19502,11168,30585,0.706406472272,0.599935952593,0.82652276628
2020-05-12,0,91,,,,,,,105,47,196,1914,897,3352,19608,11216,30781,0.711566155349,0.600362063842,0.833643779759
2020-05-13,3,94,,,,,,,103,46,193,1864,867,3293,19711,11263,30973,0.718305781516,0.600968446816,0.842258195469
2020-05-14,0,94,,,,,,,101,45,189,1816,839,3234,19812,11309,31161,0.72702520698,0.601829759865,0.852528448302
2020-05-15,1,95,,,,,,,99,45,184,1770,814,3174,19911,11355,31345,0.738158078897,0.603051135438,0.864562800284
2020-05-16,0,95,,,,,,,98,46,181,1727,793,3116,20009,11401,31526,0.752125205248,0.60478013988,0.878382171242
2020-05-17,0,95,,,,,,,97,46,178,1686,775,3058,20105,11448,31704,0.769260935973,0.607222947353,0.913572461408
2020-05-18,0,95,,,,,,,96,47,177,1649,760,3004,20201,11495,31880,0.789723964092,0.610665728446,0.939941142781
2020-05-19,1,96,,,,,,,96,47,179,1614,748,2955,20297,11543,32058,0.81342392343,0.615501974536,0.986843697593
2020-05-20,0,96,,,,,,,96,47,179,1584,737,2910,20394,11590,32237,0.840005814641,0.622265506612,1.02348920442
2020-05-21,1,97,,,,,,,97,45,183,1558,727,2874,20491,11636,32420,0.868914351793,0.631666596015,1.08835013109
2020-05-22,2,99,,,,,,,98,45,188,1536,717,2847,20589,11682,32607,0.89951040083,0.644623977421,1.13287771457
2020-05-23,0,99,,,,,,,100,44,192,1520,708,2827,20690,11726,32799,0.931172987661,0.662277486526,1.1908527566
2020-05-24,0,99,,,,,,,103,43,201,1509,700,2819,20792,11769,32999,0.963338012483,0.685954407667,1.23989710199
2020-05-25,1,100,,,,,,,105,43,206,1503,692,2821,20898,11812,33205,0.995485280688,0.717050486287,1.27964182335
2020-05-26,1,101,,,,,,,109,43,218,1505,687,2838,21007,11856,33423,1.02712247722,0.756784356314,1.31074326464
2020-05-27,0,101,,,,,,,114,44,231,1513,685,2873,21121,11901,33654,1.05779083954,0.805811789397,1.3344208207
2020-05-28,1,102,,,,,,,119,46,245,1529,685,2925,21240,11948,33898,1.08707189503,0.862597315512,1.35207092979
2020-05-29,1,103,,,,,,,124,48,257,1552,687,2994,21364,11997,34155,1.11457119035,0.903794961718,1.36493470865
2020-05-30,0,103,,,,,,,130,51,270,1583,693,3079,21494,12048,34424,1.13989467341,0.94745734922,1.3741205815
2020-05-31,0,103,,,,,,,137,54,285,1622,701,3183,21630,12102,34708,1.16266081171,0.980542733828,1.38068448329
2020-06-01,0,103,,,,,,,144,58,300,1669,712,3305,21774,12161,35008,1.18256393722,1.01176292689,1.38539161329
2020-06-02,0,103,,,,,,,151,61,317,1724,726,3445,21925,12222,35324,1.19945343665,1.03805305621,1.38881701897
2020-06-03,0,103,,,,,,,159,65,334,1787,744,3600,22084,12288,35658,1.21337607769,1.06271799807,1.39103446038
2020-06-04,0,103,,,,,,,167,70,353,1858,768,3774,22251,12359,36010,1.22455838787,1.08565373363,1.39252293457
2020-06-05,0,103,,,,,,,176,76,373,1937,798,3964,22427,12435,36383,1.23334606249,1.08960207586,1.39361866167
2020-06-06,1,104,,,,,,,186,81,395,2024,835,4171,22613,12517,36778,1.24013341387,1.09109904144,1.39433695927
2020-06-07,0,104,,,,,,,196,87,412,2119,878,4391,22809,12604,37189,1.24532160667,1.09231536773,1.39463973944
2020-06-08,0,104,,,,,,,206,93,429,2223,927,4620,23015,12697,37618,1.24903718012,1.09325750639,1.39397036762
2020-06-09,2,106,,,,,,,217,99,447,2334,983,4860,23232,12796,38065,1.25175347644,1.09406195421,1.39368885049
2020-06-10,0,106,,,,,,,229,106,469,2454,1046,5111,23461,12903,38534,1.25367873872,1.09449363544,1.39351176673
2020-06-11,0,106,,,,,,,241,113,495,2580,1115,5375,23701,13016,39028,1.25496542059,1.09488681288,1.39418405021
2020-06-12,1,107,,,,,,,253,120,521,2715,1189,5652,23955,13137,39549,1.25570506156,1.09518905798,1.39441683594
2020-06-13,0,107,,,,,,,267,127,548,2858,1268,5942,24221,13265,40096,1.25579666317,1.09537753362,1.39365525742
2020-06-14,0,107,,,,,,,281,135,575,3008,1352,6247,24502,13400,40671,1.25545430231,1.09572421139,1.39347406933
2020-06-15,0,107,,,,,,,295,142,603,3167,1440,6565,24797,13543,41273,1.25446925615,1.09559654004,1.39400551643
2020-06-16,0,107,,,,,,,310,150,633,3333,1532,6898,25107,13693,41905,1.25286268463,1.09544531242,1.39478558441
2020-06-17,0,107,,,,,,,325,157,661,3507,1628,7242,25432,13851,42566,1.25049953722,1.09527386106,1.39520034744
2020-06-18,0,107,,,,,,,341,167,682,3688,1729,7590,25772,14018,43248,1.24708056593,1.0950689809,1.39447146257
2020-06-19,0,107,,,,,,,356,177,710,3877,1836,7947,26129,14196,43957,1.24262457797,1.09486651088,1.39355968602
2020-06-20,0,107,,,,,,,372,188,739,4073,1948,8312,26500,14384,44695,1.23685379023,1.09454362466,1.39232459251
2020-06-21,0,107,,,,,,,387,198,763,4275,2065,8680,26888,14582,45457,1.22976448611,1.09412994846,1.39054978042
2020-06-22,0,107,,,,,,,402,206,795,4481,2184,9064,27290,14789,46252,1.22136035709,1.09298470254,1.38801066124
2020-06-23,0,107,,,,,,,417,215,828,4692,2306,9462,27707,15004,47079,1.21174867503,1.0808597696,1.38465970508
2020-06-24,0,107,,,,,,,431,223,838,4906,2431,9852,28138,15228,47916,1.20112771727,1.06246499687,1.37986551221
2020-06-25,0,107,,,,,,,444,232,842,5122,2557,10225,28583,15461,48758,1.1896555304,1.03682246732,1.3735407419
2020-06-26,0,107,,,,,,,457,244,845,5338,2688,10575,29039,15705,49603,1.17757549973,1.01551798085,1.3646603656
2020-06-27,0,107,,,,,,,469,256,859,5553,2824,10913,29508,15962,50461,1.16506687906,0.994970618865,1.35278869369
2020-06-28,0,107,,,,,,,480,267,855,5766,2964,11220,29988,16229,51316,1.15229795529,0.977176275336,1.33729281311
2020-06-29,0,107,,,,,,,490,278,853,5975,3107,11498,30477,16508,52168,1.13943464971,0.963996290895,1.31751268863
2020-06-30,0,107,,,,,,,499,285,849,6179,3250,11744,30976,16794,53017,1.12663674279,0.952337309723,1.29312431218
2020-07-01,1,108,,,,,,,507,301,853,6376,3402,11965,31483,17095,53870,1.1140542021,0.942471156226,1.27712560465
2020-07-02,2,110,,,,,,,514,312,848,6566,3557,12152,31997,17408,54717,1.10183689726,0.937335563467,1.27064387852
2020-07-03,2,112,,,,,,,521,319,847,6746,3709,12316,32518,17728,55563,1.09014919213,0.931464751932,1.26400351816
2020-07-04,1,113,,,,,,,527,326,835,6917,3858,12442,33045,18054,56398,1.07916675122,0.925398644981,1.25588682295
2020-07-05,0,113,,,,,,,532,334,826,7077,4005,12529,33577,18389,57223,1.0690466455,0.92141742736,1.24608154673
2020-07-06,0,113,,,,,,,537,342,827,7226,4149,12593,34114,18732,58050,1.05988801733,0.917996013281,1.23440439491
2020-07-07,0,113,,,,,,,541,349,822,7365,4292,12620,34655,19081,58871,1.05170967535,0.912219802608,1.22073332435
2020-07-08,1,114,,,,,,,544,357,813,7492,4434,12605,35199,19438,59684,1.04445624103,0.909633342048,1.20504499842
2020-07-09,1,115,,,,,,,548,364,808,7609,4574,12575,35747,19803,60491,1.03802460815,0.907710093976,1.18745347697
2020-07-10,2,117,,,,,,,551,371,810,7715,4713,12543,36298,20174,61301,1.03229474639,0.906189423505,1.17796449718
2020-07-11,1,118,,,,,,,553,376,804,7812,4845,12502,36851,20551,62105,1.0271533838,0.902429674442,1.17131082325
2020-07-12,1,119,,,,,,,556,376,798,7899,4965,12441,37407,20928,62902,1.0225069828,0.90084577947,1.16378709151
2020-07-13,0,119,,,,,,,558,377,793,7977,5076,12379,37964,21306,63694,1.01828563015,0.899854547737,1.15726749029
2020-07-14,1,120,,,,,,,559,382,786,8047,5180,12311,38524,21688,64479,1.01444119069,0.899051939406,1.14995964046
2020-07-15,0,120,,,,,,,561,383,779,8109,5278,12242,39085,22072,65258,1.01094277184,0.897782734215,1.14076147992
2020-07-16,0,120,,,,,,,562,387,777,8164,5364,12166,39647,22460,66035,1.00777152799,0.896225311076,1.12827416465
2020-07-17,0,120,,,,,,,563,386,776,8213,5438,12093,40211,22847,66810,1.00491581625,0.895728494872,1.12116876241
2020-07-18,0,120,,,,,,,564,391,772,8257,5510,12018,40775,23238,67581,1.00236703951,0.894892149792,1.11426530618
2020-07-19,0,120,,,,,,,565,388,767,8295,5571,11950,41340,23626,68348,1.00011627043,0.894249848007,1.10725057756
2020-07-20,2,122,,,,,,,566,383,763,8329,5620,11887,41906,24010,69110,0.998151785687,0.894082133973,1.10115518721
2020-07-21,1,123,,,,,,,567,379,764,8359,5657,11824,42473,24389,69873,0.99645768715,0.893942754929,1.0955338824
2020-07-22,2,125,,,,,,,567,375,769,8386,5683,11771,43041,24765,70642,0.995013677744,0.892725659092,1.09488340209
2020-07-23,3,128,,,,,,,568,375,768,8409,5701,11726,43609,25140,71410,0.993795829683,0.891837690034,1.09480968783
2020-07-24,0,128,,,,,,,569,374,768,8430,5711,11686,44177,25514,72177,0.992777979934,0.891693338652,1.09466025627
2020-07-25,5,133,,,,,,,569,373,771,8449,5713,11647,44747,25888,72947,0.99193332294,0.891577208855,1.09457471272
2020-07-26,3,136,,,,,,,570,369,777,8465,5706,11620,45317,26257,73724,0.99123584787,0.891481254202,1.09449153444
2020-07-27,3,139,,,,,,,570,367,779,8480,5696,11601,45887,26624,74502,0.990661417271,0.891399791447,1.09420651076
2020-07-28,1,140,,,,,,,571,366,789,8494,5684,11597,46458,26990,75291,0.99018843004,0.891328806379,1.09412696224
2020-07-29,1,141,,,,,,,572,364,793,8506,5666,11604,47030,27355,76083,0.989798111562,0.889615691428,1.09404573566
2020-07-30,3,144,,,,,,,573,358,799,8518,5641,11625,47602,27713,76882,0.989474520911,0.886905416658,1.09396280148
2020-07-31,1,145,,,,,,,573,353,810,8529,5607,11657,48176,28067,77691,0.989204372552,0.885507675112,1.09387812967
2020-08-01,0,145,,,,,,,574,351,819,8539,5571,11700,48750,28418,78510,0.988976755859,0.885263548564,1.09375177228
2020-08-02,4,149,,,,,,,575,348,824,8550,5529,11753,49325,28767,79333,0.988782813999,0.885061546696,1.0935485587
2020-08-03,4,153,,,,,,,576,343,834,8560,5484,11820,49900,29110,80167,0.98861542259,0.8847114265,1.09339724703
2020-08-04,1,154,,,,,,,577,338,846,8571,5439,11904,50477,29449,81013,0.988468891555,0.884402769244,1.09328707781
2020-08-05,0,154,,,,,,,578,335,859,8582,5395,11999,51055,29784,81872,0.98833870156,0.884150563712,1.09317856239
2020-08-06,1,155,,,,,,,579,330,871,8593,5350,12101,51634,30115,82743,0.988221278575,0.883942844681,1.09307089838
2020-08-07,0,155,,,,,,,580,327,883,8605,5302,12216,52213,30442,83625,0.98811380551,0.883770175307,1.09296345024
2020-08-08,2,157,,,,,,,581,324,898,8617,5252,12346,52794,30766,84522,0.98801406752,0.88362513156,1.09285571347
2020-08-09,0,157,,,,,,,582,318,908,8630,5197,12483,53377,31085,85430,0.987920326559,0.883501883986,1.09274728619
2020-08-10,1,158,,,,,,,583,313,920,8643,5141,12626,53960,31398,86349,0.987831220627,0.883395861623,1.09263784682
2020-08-11,2,160,,,,,,,585,307,932,8657,5081,12779,54544,31706,87280,0.987745683432,0.883303483843,1.09252713646
2020-08-12,0,160,,,,,,,586,301,946,8672,5017,12935,55130,32008,88225,0.987662880684,0.883221947583,1.09241494504
2020-08-13,1,161,,,,,,,587,296,960,8688,4949,13102,55718,32304,89185,0.987582159802,0.883149059217,1.09230110053
2020-08-14,2,163,,,,,,,589,291,976,8704,4882,13279,56307,32595,90161,0.987503010319,0.88308310215,1.09218546044
2020-08-15,2,165,,,,,,,590,285,990,8721,4813,13459,56897,32881,91150,0.987425032807,0.883022732793,1.09206790525
2020-08-16,1,166,,,,,,,592,280,1003,8739,4742,13644,57489,33161,92153,0.987347914522,0.882966899001,1.09194833318
2020-08-17,0,166,,,,,,,593,275,1017,8757,4669,13837,58082,33436,93170,0.98727141035,0.882914776222,1.09182665617
2020-08-18,0,166,,,,,,,595,270,1032,8777,4596,14034,58677,33707,94201,0.987195327918,0.882865717562,1.09170279675
2020-08-19,2,168,,,,,,,597,265,1049,8796,4523,14237,59274,33973,95249,0.987119515967,0.882819214768,1.09157668557
2020-08-20,0,168,,,,,,,598,261,1068,8817,4449,14446,59872,34234,96317,0.987043855275,0.882774867776,1.09144825948
2020-08-21,1,169,,,,,,,600,256,1088,8839,4375,14662,60472,34490,97404,0.986968251587,0.882732360938,1.09131746005
2020-08-22,1,170,,,,,,,602,252,1108,8861,4299,14887,61074,34742,98512,0.986892630092,0.882691444483,1.09118423239
2020-08-23,1,171,,,,,,,604,247,1126,8884,4223,15115,61678,34990,99637,0.986816931131,0.882651920062,1.09104852424
2020-08-24,2,173,,,,,,,606,243,1140,8908,4148,15347,62284,35234,100776,0.987684430741,0.884363150159,1.09195516081
2020-08-25,2,175,,,,,,,609,239,1155,8934,4075,15583,62893,35473,101931,0.98855523163,0.886232612881,1.09191643647
2020-08-26,0,175,,,,,,,612,236,1172,8960,4003,15823,63505,35710,103103,0.989429237155,0.887957098115,1.09251060782
2020-08-27,2,177,,,,,,,614,232,1191,8989,3933,16069,64119,35942,104294,0.990306427104,0.886552188857,1.09292210211
2020-08-28,,,1.21954541772,0,2,178.219545418,177,179,617,228,1211,9019,3866,16320,64737,36171,105505,0.99118678182,0.885710318717,1.09367087741
2020-08-29,,,1.22201027151,0,2,179.441555689,178,181,620,225,1233,9050,3800,16577,65357,36396,106737,0.992070281088,0.886975606041,1.09647359552
2020-08-30,,,1.2245257484,0,2,180.666081438,179,183,624,222,1256,9084,3738,16843,65981,36619,107993,0.992956899264,0.888128663451,1.09742275112
2020-08-31,,,1.22710131076,0,2,181.893182748,179,184,627,219,1279,9119,3676,17119,66608,36838,109271,0.993846603963,0.887812829677,1.09833258707
2020-09-01,,,1.22974505348,0,2,183.122927802,180,186,631,216,1303,9157,3618,17404,67239,37055,110573,0.994739369531,0.887868235232,1.09933645551
2020-09-02,,,1.2324638715,0,2,184.355391673,181,188,635,214,1327,9197,3562,17699,67874,37269,111900,0.995635175316,0.888223544822,1.10044994853
2020-09-03,,,1.23526361402,0,2,185.590655287,182,190,639,212,1354,9239,3508,18005,68513,37481,113253,0.996534000727,0.886973946111,1.10247293143
2020-09-04,,,1.2381492255,0,2,186.828804513,182,192,643,209,1383,9284,3456,18320,69156,37691,114636,0.997435824613,0.88587046397,1.10393432445
2020-09-05,,,1.24112487169,0,2,188.069929385,183,194,648,206,1410,9332,3406,18641,69804,37897,116045,0.998340622487,0.884464199033,1.10491187725
2020-09-06,,,1.24419404963,0,2,189.314123434,184,196,652,204,1437,9382,3359,18970,70456,38102,117481,0.999248369383,0.883805147314,1.10690427011
2020-09-07,,,1.24735968221,0,2,190.561483116,184,198,657,202,1468,9436,3313,19313,71114,38304,118949,1.00015904083,0.883145140772,1.10841342661
2020-09-08,,,1.25062419967,0,2,191.812107316,185,200,663,199,1503,9492,3270,19675,71776,38504,120451,1.00107261221,0.883685415359,1.10987712181
2020-09-09,,,1.25399436328,0,3,193.066101679,186,202,668,197,1537,9551,3227,20057,72444,38701,121988,1.00198905803,0.882404537572,1.111302866
2020-09-10,,,1.25748066692,0,3,194.323582346,186,204,674,195,1564,9613,3187,20449,73118,38897,123551,1.00290835099,0.881170700641,1.11297469965
2020-09-11,,,1.26058220516,0,3,195.584164551,187,206,679,193,1596,9678,3148,20854,73797,39090,125147,1.00383046224,0.880514385404,1.11511630121
2020-09-12,,,1.26382864363,0,3,196.847993195,188,208,686,191,1625,9746,3111,21268,74483,39282,126772,1.00475536175,0.879858972026,1.11944286996
2020-09-13,,,1.26723649767,0,3,198.115229693,188,210,692,190,1654,9818,3075,21688,75174,39472,128425,1.00568301829,0.879204452245,1.1239491723
2020-09-14,,,1.27081842515,0,3,199.386048118,189,212,699,188,1686,9892,3041,22118,75873,39660,130110,1.0066133992,0.878550817847,1.12785277949
2020-09-15,,,1.27458946886,0,3,200.660637587,189,215,706,186,1721,9971,3008,22560,76579,39846,131831,1.00754647006,0.877898060713,1.12855249116
2020-09-16,,,1.27856690161,0,3,201.939204488,190,217,713,181,1763,10052,2973,23020,77291,40028,133593,1.00848219447,0.877246172826,1.12898858153
2020-09-17,,,1.28276962033,0,3,203.221974109,191,219,720,177,1809,10138,2936,23502,78012,40205,135401,1.0094205341,0.876595146262,1.13191949293
2020-09-18,,,1.28721688975,0,3,204.509190998,191,221,728,174,1863,10227,2898,24010,78740,40380,137263,1.01036144863,0.875944973171,1.13575264764
2020-09-19,,,1.29192306696,0,3,205.801114065,192,224,736,172,1920,10320,2861,24547,79477,40552,139182,1.01130489561,0.87529564578,1.13931799204
2020-09-20,,,1.29690378238,0,3,207.098017848,192,226,745,170,1974,10418,2825,25111,80222,40723,141156,1.01225083028,0.874647156398,1.14261041621
2020-09-21,,,1.30217607438,0,3,208.400193922,193,229,754,167,2035,10519,2788,25709,80976,40890,143190,1.01319920537,0.873999497426,1.14648938411
2020-09-22,,,1.30775813406,0,3,209.707952056,193,231,763,164,2094,10625,2750,26336,81739,41054,145284,1.01414997096,0.873352661356,1.15038539833
2020-09-23,,,1.31366862101,0,3,211.021620677,194,234,773,161,2162,10736,2711,26995,82512,41215,147446,1.01510307433,0.872573350466,1.15497659391
2020-09-24,,,1.31991643141,0,3,212.341537109,194,236,783,158,2234,10851,2672,27692,83295,41374,149679,1.01605845983,0.871711504726,1.15984004914
2020-09-25,,,1.32651213894,0,3,213.668049248,195,239,794,155,2294,10971,2632,28423,84089,41529,151973,1.01701606867,0.87065686015,1.16471912167
2020-09-26,,,1.33346783463,0,3,215.001517082,195,241,805,152,2357,11097,2591,29184,84894,41682,154330,1.01797583869,0.869018814083,1.16810024048
2020-09-27,,,1.34079664699,0,3,216.342313729,196,244,816,149,2421,11227,2549,29980,85710,41832,156751,1.01893770416,0.867384480844,1.17056190216
2020-09-28,,,1.34851170939,0,3,217.690825439,196,247,828,147,2485,11364,2506,30811,86538,41979,159236,1.01990159559,0.865753846951,1.17301670194
2020-09-29,,,1.3566249974,0,3,219.047450436,197,250,841,145,2562,11506,2464,31687,87379,42125,161797,1.02086743943,0.864099508604,1.17596311096
2020-09-30,,,1.36514838852,0,3,220.412598825,197,253,854,144,2639,11655,2422,32606,88233,42269,164436,1.02183937298,0.862197240588,1.17968897462
2020-10-01,,,1.37409450573,0,3,221.78669333,198,255,868,143,2720,11809,2384,33563,89101,42413,167156,1.02281455917,0.860299648468,1.18354195139
2020-10-02,,,1.38347682504,0,3,223.170170155,198,258,882,140,2805,11971,2347,34560,89983,42553,169960,1.02379143413,0.858406714653,1.18750390727
2020-10-03,,,1.3933096717,0,4,224.563479827,198,262,897,137,2894,12140,2310,35591,90880,42690,172854,1.02477519344,0.856962995671,1.1916166285
2020-10-04,,,1.40360783535,0,4,225.967087662,199,265,912,136,2991,12316,2274,36663,91792,42827,175845,1.02576443233,0.856532233711,1.19552434949
2020-10-05,,,1.4143866595,0,4,227.381474322,199,268,929,135,3109,12499,2239,37798,92721,42962,178953,1.02675718084,0.856255179448,1.19939730745
2020-10-06,,,1.42566231263,0,4,228.807136634,200,271,946,133,3246,12691,2206,39008,93667,43096,182198,1.0277521705,0.855860385468,1.20342678283
2020-10-07,,,1.4374519816,0,4,230.244588616,200,274,964,130,3391,12892,2173,40305,94631,43227,185589,1.02875213132,0.855235240977,1.20770392824
2020-10-08,,,1.44977395683,0,4,231.694362573,201,278,982,128,3546,13101,2139,41689,95613,43355,189134,1.02976134148,0.854888231827,1.21273889469
2020-10-09,,,1.46264756874,0,4,233.157010142,201,281,1002,125,3711,13320,2106,43166,96615,43480,192845,1.03077964911,0.854613247589,1.21753763789
2020-10-10,,,1.47609321411,0,4,234.633103356,201,285,1023,122,3806,13549,2073,44678,97638,43603,196651,1.03180380392,0.854338634415,1.22060815225
2020-10-11,,,1.49013246376,0,4,236.12323582,202,288,1044,119,3875,13788,2040,46196,98681,43722,200525,1.0328320513,0.854064384626,1.22380596207
2020-10-12,,,1.50478818491,0,4,237.628024004,202,292,1066,117,3991,14038,2008,47766,99748,43840,204516,1.03386995111,0.853790492257,1.22778963582
2020-10-13,,,1.52008467972,0,4,239.148108684,203,296,1090,115,4161,14300,1976,49441,100838,43955,208677,1.03491649835,0.853516951022,1.2322917431
2020-10-14,,,1.53604778106,0,4,240.684156465,203,300,1115,113,4340,14574,1943,51220,101953,44069,213016,1.03596359527,0.853517074398,1.23714827398
2020-10-15,,,1.55270487484,0,4,242.23686134,203,304,1141,111,4529,14860,1910,53110,103094,44180,217545,1.03701517545,0.853517725562,1.24130053915
2020-10-16,,,1.57008499923,0,5,243.806946339,204,308,1168,109,4729,15161,1876,55118,104262,44289,222273,1.03807246363,0.853518558008,1.24517071915
2020-10-17,,,1.58821896169,0,5,245.395165301,204,312,1197,108,4890,15475,1845,57203,105458,44398,227163,1.03913444686,0.853519566265,1.2486992359
2020-10-18,,,1.60713946618,0,5,247.002304767,205,316,1227,107,5021,15805,1815,59330,106685,44506,232183,1.04020340707,0.853520745126,1.25219965174
2020-10-19,,,1.62688131728,0,5,248.629186084,205,321,1258,106,5155,16151,1786,61494,107943,44613,237338,1.04127245633,0.853522089518,1.25643540773
2020-10-20,,,1.6474814925,0,5,250.276667577,205,325,1291,105,5296,16513,1756,63681,109234,44719,242634,1.04234010108,0.853523594282,1.26114801815
2020-10-21,,,1.66897926129,0,5,251.945646838,206,330,1326,104,5543,16893,1727,65978,110560,44823,248176,1.04340769536,0.853420169882,1.26586123003
2020-10-22,,,1.6914163297,0,5,253.637063168,206,335,1363,103,5805,17292,1699,68392,111923,44926,253981,1.04447909037,0.853314698504,1.27056694783
2020-10-23,,,1.71483695765,0,5,255.351900126,206,340,1401,102,6083,17711,1673,70930,113324,45029,260064,1.04554893134,0.853044255685,1.27526325369
2020-10-24,,,1.73928818642,0,6,257.091188312,207,345,1442,100,6378,18151,1648,73597,114766,45129,266441,1.04662085716,0.852370360969,1.27994807422
2020-10-25,,,1.76482000627,0,6,258.856008318,207,350,1485,99,6690,18613,1625,76481,116251,45229,273131,1.04769799349,0.851353064033,1.28461916727
2020-10-26,,,1.79148554924,0,6,260.647493867,207,356,1530,98,7021,19099,1604,79627,117780,45327,280152,1.04877679462,0.850336734239,1.2892741076
2020-10-27,,,1.81934129345,0,6,262.466835161,208,361,1577,97,7379,19610,1584,83014,119357,45424,287530,1.04985178902,0.849321944197,1.29391027116
2020-10-28,,,1.84844727182,0,6,264.315282433,208,367,1627,96,7768,20146,1565,86621,120984,45520,295297,1.05092505751,0.848596380256,1.2986818444
2020-10-29,,,1.87886718703,0,6,266.19414962,208,373,1680,94,8130,20711,1546,90411,122664,45615,303426,1.05199708243,0.84822064152,1.30352024116
2020-10-30,,,1.9106686819,0,7,268.104818302,209,379,1735,93,8433,21306,1528,94314,124399,45709,311859,1.05306858993,0.847845206256,1.30833918661
2020-10-31,,,1.94392362671,0,7,270.048741928,209,386,1794,91,8888,21932,1511,98474,126193,45800,320746,1.05413435023,0.847393140213,1.31313559102
2020-11-01,,,1.9787083796,0,7,272.027450308,209,392,1856,90,9416,22591,1492,103000,128049,45891,330162,1.05519379625,0.846504640298,1.31790610006
