date,actual_deaths,total_deaths,predicted_deaths_mean,predicted_deaths_lower,predicted_deaths_upper,predicted_total_deaths_mean,predicted_total_deaths_lower,predicted_total_deaths_upper,predicted_new_infected_mean,predicted_new_infected_lower,predicted_new_infected_upper,predicted_current_infected_mean,predicted_current_infected_lower,predicted_current_infected_upper,predicted_total_infected_mean,predicted_total_infected_lower,predicted_total_infected_upper,r_values_mean,r_values_lower,r_values_upper
2020-02-05,,,,,,,,,125,65,178,125,65,178,125,65,178,1.68599607788,1.2,2
2020-02-06,,,,,,,,,125,65,178,249,131,356,249,131,356,1.68592105905,1.19999987061,1.99998855102
2020-02-07,,,,,,,,,125,65,178,374,197,534,374,197,534,1.68589761323,1.19999979489,1.99998279055
2020-02-08,,,,,,,,,125,65,178,499,263,712,499,263,712,1.68586671895,1.1999996819,1.99997431416
2020-02-09,,,,,,,,,125,65,178,623,329,890,623,329,890,1.68582596625,1.19999951448,1.99996262833
2020-02-10,,,,,,,,,125,65,178,748,395,1068,748,395,1068,1.68577214995,1.19999926777,1.99994567926
2020-02-11,,,,,,,,,125,65,178,873,461,1246,873,461,1246,1.68570100195,1.19999890584,1.9999211148
2020-02-12,,,,,,,,,125,65,178,998,527,1424,998,527,1424,1.68560683186,1.19999837678,1.99988716103
2020-02-13,,,,,,,,,125,65,178,1122,593,1602,1122,593,1602,1.68548204417,1.19999760573,1.99983941127
2020-02-14,,,,,,,,,332,182,479,1454,776,2081,1454,776,2081,1.68520772593,1.19992723183,1.9997033637
2020-02-15,,,,,,,,,330,182,477,1784,958,2558,1784,958,2558,1.68497424778,1.19991736422,1.99960528891
2020-02-16,,,,,,,,,346,191,506,2131,1150,3063,2131,1150,3063,1.68464534764,1.19989642019,1.99945184806
2020-02-17,,,,,,,,,380,212,561,2510,1362,3623,2510,1362,3623,1.68421975933,1.19987487369,1.99924751868
2020-02-18,,,,,,,,,449,252,674,2960,1615,4297,2960,1615,4297,1.68366291302,1.19985177239,1.99896280017
2020-02-19,,,,,,,,,557,314,850,3517,1929,5146,3517,1929,5146,1.6829291721,1.19982602711,1.99859096619
2020-02-20,,,,,,,,,642,355,989,4034,2219,5956,4159,2285,6134,1.68195598391,1.19979733006,1.99803494357
2020-02-21,,,,,,,,,715,398,1116,4624,2551,6893,4873,2683,7249,1.68066078263,1.19975389273,1.99727701466
2020-02-22,,,,,,,,,802,442,1273,5301,2928,7988,5675,3126,8522,1.67894188871,1.1996997047,1.99621056142
2020-02-23,,,,,,,,,906,498,1461,6083,3361,9270,6582,3624,9982,1.67666190826,1.19963193556,1.99470871238
2020-02-24,,,,,,,,,1038,565,1699,6996,3860,10791,7620,4190,11681,1.67363614799,1.19954570231,1.99259421537
2020-02-25,,,,,,,,,1177,628,1941,8049,4423,12553,8797,4818,13621,1.66962275478,1.19943630572,1.98967018563
2020-02-26,,,,,,,,,1321,687,2200,9246,5044,14574,10118,5506,15820,1.66430834801,1.19929883661,1.98573975108
2020-02-27,,,,,,,,,1476,750,2505,10597,5729,16900,11595,6256,18324,1.65729744374,1.19911715966,1.97944575035
2020-02-28,,,,,,,,,1649,813,2852,12121,6476,19574,13244,7070,21176,1.64810008092,1.1988744245,1.9712648959
2020-02-29,1,1,,,,,,,1841,884,3229,13631,7178,22324,15085,7954,24404,1.63612918773,1.19854443427,1.9609330834
2020-03-01,0,1,,,,,,,2047,962,3608,15347,7959,25455,17132,8917,28012,1.6207173961,1.19806310085,1.94686450622
2020-03-02,5,6,,,,,,,2261,1044,4013,17262,8812,28962,19393,9962,32024,1.60116342934,1.19748652654,1.92739472598
2020-03-03,1,7,,,,,,,2481,1120,4464,19363,9720,32865,21874,11082,36488,1.57681807719,1.19666962001,1.90140329476
2020-03-04,3,10,,,,,,,2704,1201,4888,21618,10668,37079,24577,12283,41375,1.54720720919,1.19553489792,1.86590806601
2020-03-05,1,11,,,,,,,2926,1277,5266,23986,11631,41496,27503,13561,46641,1.51217090947,1.19343210424,1.82224250588
2020-03-06,2,13,,,,,,,3141,1351,5567,26485,12627,46074,30644,14913,52208,1.47197586994,1.17486394558,1.77289932316
2020-03-07,3,16,,,,,,,3341,1417,5883,29111,13646,50842,33985,16330,58090,1.42735270303,1.16817231335,1.73442205092
2020-03-08,2,18,,,,,,,3521,1473,6178,31830,14678,55747,37505,17804,64268,1.37943592779,1.14527690116,1.70708013509
2020-03-09,1,19,,,,,,,3678,1508,6354,34602,15687,60640,41183,19312,70622,1.3296248304,1.10633985128,1.67015714445
2020-03-10,4,23,,,,,,,3811,1556,6527,37374,16678,65468,44994,20868,77149,1.27940940135,1.05432777214,1.62247728954
2020-03-11,1,24,,,,,,,3918,1591,6678,40115,17641,70205,48912,22460,83826,1.23020580595,1.01484757722,1.5619829314
2020-03-12,7,31,,,,,,,3999,1606,6789,42792,18560,74795,52911,24067,90615,1.1832336156,0.984614409217,1.49265283295
2020-03-13,6,37,,,,,,,4055,1629,6968,45370,19440,79259,56965,25696,97583,1.13945199725,0.956179591122,1.43065381367
2020-03-14,2,39,,,,,,,4087,1644,7055,47808,20270,83462,61052,27341,104637,1.09955153474,0.934074237868,1.37476548565
2020-03-15,1,40,,,,,,,4098,1658,7115,50066,21044,87347,65151,28999,111751,1.06397781249,0.918183518722,1.3161281856
2020-03-16,8,48,,,,,,,4092,1669,7129,52111,21750,90869,69243,30668,118880,1.03295790964,0.888850192968,1.27076637588
2020-03-17,7,55,,,,,,,4071,1677,7050,53920,22383,93906,73313,32345,125930,1.00651598176,0.875858493957,1.21105170756
2020-03-18,12,67,,,,,,,4038,1683,6971,55477,22946,96413,77351,34029,132900,0.984485031152,0.867271250725,1.15569620781
2020-03-19,6,73,,,,,,,3996,1688,6896,56769,23434,98421,81347,35717,139796,0.966531216783,0.86107739542,1.10514967634
2020-03-20,10,83,,,,,,,3947,1687,6799,57791,23843,99954,85294,37405,146594,0.952199195913,0.856786319223,1.06463157526
2020-03-21,11,94,,,,,,,3894,1677,6684,58544,24169,101071,89188,39082,153278,0.940971563068,0.854069554278,1.03542747569
2020-03-22,3,97,,,,,,,3838,1658,6527,59042,24411,101715,93026,40741,159805,0.932326684081,0.851209592534,1.01277492625
2020-03-23,12,109,,,,,,,3780,1651,6388,59301,24588,101924,96807,42393,166192,0.925782062164,0.849811092341,0.99623382536
2020-03-24,7,116,,,,,,,3722,1644,6251,59345,24725,101821,100528,44038,172443,0.920918903291,0.849011477884,0.983665686617
2020-03-25,17,133,,,,,,,3663,1633,6092,59198,24802,101386,104192,45671,178535,0.917390461463,0.848327876002,0.974032695224
2020-03-26,17,150,,,,,,,3605,1631,5973,58885,24841,100682,107796,47302,184507,0.914919494075,0.847808043447,0.967569682087
2020-03-27,7,157,,,,,,,3547,1628,5848,58433,24863,99740,111344,48931,190354,0.913289877405,0.847303986328,0.962446778831
2020-03-28,31,188,,,,,,,3491,1632,5686,57870,24866,98458,114835,50563,196040,0.912335978542,0.84694271447,0.959635832201
2020-03-29,10,198,,,,,,,3436,1635,5541,57219,24857,96944,118271,52199,201580,0.91193191496,0.846796829454,0.959789040744
2020-03-30,7,205,,,,,,,3383,1638,5418,56504,24838,95247,121654,53837,206997,0.911981775803,0.846744020953,0.960702869594
2020-03-31,20,225,,,,,,,3331,1637,5279,55743,24807,93397,124986,55475,212276,0.912411247779,0.846343456726,0.961898503817
2020-04-01,9,234,,,,,,,3282,1636,5161,54954,24766,91508,128267,57112,217437,0.913160765034,0.846290460929,0.963853739263
2020-04-02,37,271,,,,,,,3234,1624,5045,54150,24707,89581,131501,58736,222481,0.914180158395,0.846463400295,0.965878608671
2020-04-03,20,291,,,,,,,3188,1613,4939,53343,24632,87624,134690,60350,227420,0.915424718519,0.846659657707,0.967941489345
2020-04-04,24,315,,,,,,,3144,1607,4833,52540,24552,85658,137834,61957,232252,0.916852551194,0.847015776657,0.97004441457
2020-04-05,21,336,,,,,,,3102,1593,4739,51749,24468,83713,140937,63551,236990,0.918423066065,0.847681450937,0.972101089428
2020-04-06,45,381,,,,,,,3062,1584,4651,50973,24393,81836,143999,65135,241641,0.920096400576,0.848499805566,0.974137846325
2020-04-07,19,400,,,,,,,3024,1590,4577,50216,24333,80025,147023,66726,246217,0.921833550085,0.849288252408,0.976036449357
2020-04-08,26,426,,,,,,,2987,1584,4513,49482,24272,78287,150010,68310,250729,0.923596965012,0.850444727543,0.977788172485
2020-04-09,30,456,,,,,,,2952,1565,4456,48771,24205,76651,152963,69876,255185,0.925351391754,0.851657551711,0.979373431118
2020-04-10,27,483,,,,,,,2919,1573,4392,48085,24147,75069,155881,71450,259576,0.92706477151,0.853041464711,0.98078634338
2020-04-11,12,495,,,,,,,2886,1581,4351,47424,24100,73572,158767,73031,263926,0.928709058999,0.854647382589,0.982130963065
2020-04-12,11,506,,,,,,,2855,1579,4295,46788,24046,72181,161623,74610,268221,0.930260869385,0.856447799812,0.983414963407
2020-04-13,7,513,,,,,,,2825,1564,4242,46177,23976,70882,164448,76175,272462,0.931701898858,0.858288633149,0.984658422447
2020-04-14,17,530,,,,,,,2796,1550,4207,45590,23887,69672,167244,77725,276669,0.933019091208,0.860133888259,0.985574421403
2020-04-15,22,552,,,,,,,2768,1533,4180,45026,23783,68573,170011,79259,280849,0.934204543525,0.861951347096,0.986216909883
2020-04-16,27,579,,,,,,,2740,1525,4163,44484,23673,67575,172751,80785,285011,0.935255163956,0.863700670055,0.986895068739
2020-04-17,24,603,,,,,,,2713,1515,4141,43963,23564,66672,175464,82300,289152,0.936172115682,0.865348022512,0.987506004849
2020-04-18,10,613,,,,,,,2687,1506,4108,43462,23457,65841,178151,83807,293260,0.937035616371,0.866867424842,0.988032324711
2020-04-19,23,636,,,,,,,2661,1490,4080,42979,23339,65088,180813,85297,297340,0.937848884424,0.868233056196,0.988719877188
2020-04-20,7,643,,,,,,,2636,1461,4037,42513,23208,64386,183449,86759,301376,0.938628472265,0.869456955197,0.989469301479
2020-04-21,21,664,,,,,,,2612,1440,4018,42062,23064,63753,186061,88200,305393,0.939273386774,0.870500019882,0.990191968992
2020-04-22,22,686,,,,,,,2588,1420,3988,41626,22894,63165,188649,89620,309381,0.939833905746,0.871353199426,0.990336700525
2020-04-23,25,711,,,,,,,2564,1391,3973,41202,22701,62625,191212,91012,313354,0.940371003349,0.872166014244,0.990602245635
2020-04-24,11,722,,,,,,,2540,1392,3962,40790,22528,62131,193752,92405,317316,0.940670318689,0.8728325597,0.990818778689
2020-04-25,15,737,,,,,,,2516,1380,3948,40387,22336,61688,196268,93786,321263,0.940810912235,0.873523560525,0.990921400652
2020-04-26,12,749,,,,,,,2492,1355,3938,39993,22110,61275,198761,95142,325201,0.940840187324,0.873903485879,0.990842985556
2020-04-27,15,764,,,,,,,2469,1327,3927,39607,21859,60907,201230,96469,329128,0.940799974902,0.874263804653,0.990736574396
2020-04-28,22,786,,,,,,,2445,1319,3917,39227,21614,60583,203675,97789,333044,0.940688642008,0.874170545739,0.990635036274
2020-04-29,15,801,,,,,,,2422,1280,3905,38853,21344,60280,206097,99069,336949,0.940533436718,0.874009774208,0.990526573121
2020-04-30,13,814,,,,,,,2398,1261,3892,38483,21071,59992,208495,100330,340840,0.940380374067,0.873854523035,0.990415328687
2020-05-01,10,824,,,,,,,2375,1239,3878,38118,20784,59706,210870,101570,344717,0.940229670602,0.873705140142,0.990300299099
2020-05-02,6,830,,,,,,,2351,1207,3865,37756,20477,59430,213221,102777,348581,0.940081603258,0.873562063575,0.990185561213
2020-05-03,4,834,,,,,,,2328,1186,3851,37398,20156,59173,215549,103964,352432,0.939936535237,0.873425835613,0.990071264012
2020-05-04,7,841,,,,,,,2305,1169,3837,37041,19835,58929,217854,105133,356268,0.939794942679,0.873286527808,0.989960920351
2020-05-05,21,862,,,,,,,2282,1146,3823,36686,19520,58715,220136,106280,360090,0.939657449084,0.873145662934,0.98984376035
2020-05-06,8,870,,,,,,,2259,1111,3808,36333,19190,58505,222394,107391,363898,0.939524871393,0.873009016471,0.989727226259
2020-05-07,21,891,,,,,,,2236,1078,3793,35981,18848,58310,224630,108469,367690,0.939398279651,0.872875520356,0.989615288278
2020-05-08,14,905,,,,,,,2213,1048,3778,35631,18505,58114,226843,109517,371467,0.939279075077,0.872746442922,0.989506285916
2020-05-09,16,921,,,,,,,2191,1021,3763,35282,18133,57914,229034,110539,375229,0.939169080184,0.872621768646,0.989400190536
2020-05-10,10,931,,,,,,,2169,990,3747,34935,17743,57713,231203,111529,378976,0.939070701525,0.872519962788,0.989298004206
2020-05-11,14,945,,,,,,,2148,965,3732,34590,17353,57507,233351,112495,382708,0.938987099533,0.872449454149,0.989201063454
2020-05-12,17,962,,,,,,,2127,944,3717,34248,16970,57297,235478,113440,386424,0.938922419557,0.872556341672,0.989117981186
2020-05-13,12,974,,,,,,,2106,921,3702,33909,16572,57082,237584,114362,390126,0.938882124611,0.872527852006,0.989114257384
2020-05-14,9,983,,,,,,,2085,902,3686,33573,16195,56864,239669,115264,393812,0.938873415714,0.872447675631,0.989114513709
2020-05-15,8,991,,,,,,,2065,882,3673,33240,15816,56645,241735,116146,397484,0.938905756237,0.8723567638,0.989166299116
2020-05-16,8,999,,,,,,,2046,859,3657,32911,15436,56423,243780,117006,401140,0.938991573906,0.872304053724,0.98920764358
2020-05-17,2,1001,,,,,,,2026,840,3641,32586,15069,56200,245807,117847,404781,0.93914716746,0.872244235369,0.989446914479
2020-05-18,1,1002,,,,,,,2008,814,3625,32265,14696,55974,247814,118661,408406,0.939393868961,0.872301570899,0.989807103184
2020-05-19,29,1031,,,,,,,1989,788,3610,31949,14316,55747,249803,119449,412015,0.939759505666,0.872538013613,0.990069620155
2020-05-20,6,1037,,,,,,,1971,765,3594,31639,13935,55518,251775,120215,415608,0.940280201812,0.872661243997,0.99069626904
2020-05-21,7,1044,,,,,,,1954,749,3579,31335,13573,55289,253729,120965,419187,0.941002536465,0.872755600136,0.991433074881
2020-05-22,6,1050,,,,,,,1938,735,3563,31037,13231,55060,255667,121700,422749,0.941986007318,0.872937624204,0.992743083864
2020-05-23,0,1050,,,,,,,1923,723,3549,30747,12906,54831,257590,122424,426297,0.943305628767,0.873310285858,0.994933428251
2020-05-24,11,1061,,,,,,,1908,709,3534,30464,12594,54602,259499,123133,429831,0.945054281562,0.874035724502,0.997834117522
2020-05-25,9,1070,,,,,,,1896,695,3521,30191,12298,54376,261394,123828,433352,0.94734410407,0.875617256886,1.00159953172
2020-05-26,8,1078,,,,,,,1884,684,3505,29927,12017,54149,263278,124513,436856,0.950305778665,0.877970881738,1.00758317796
2020-05-27,17,1095,,,,,,,1875,674,3486,29676,11747,53918,265154,125188,440342,0.954084117638,0.88031008539,1.01378041648
2020-05-28,11,1106,,,,,,,1868,667,3471,29438,11493,53688,267022,125855,443813,0.958828181826,0.882422527852,1.02115063981
2020-05-29,5,1111,,,,,,,1864,660,3459,29216,11251,53460,268886,126516,447271,0.964674798602,0.886292179461,1.03247697435
2020-05-30,7,1118,,,,,,,1863,656,3458,29014,11026,53245,270748,127173,450728,0.971726346889,0.893182654886,1.04504602025
2020-05-31,0,1118,,,,,,,1865,656,3452,28833,10822,53040,272614,127829,454180,0.980026963602,0.897827239515,1.06181002274
2020-06-01,5,1123,,,,,,,1872,661,3431,28679,10643,52831,274485,128490,457611,0.989544313302,0.904258360273,1.08278492272
2020-06-02,6,1129,,,,,,,1882,667,3426,28553,10497,52631,276367,129158,461036,1.00016397069,0.911632229399,1.10507980639
2020-06-03,6,1135,,,,,,,1897,672,3444,28461,10380,52465,278264,129830,464480,1.01169883894,0.92084217273,1.12768966167
2020-06-04,3,1138,,,,,,,1916,672,3470,28405,10287,52341,280180,130503,467949,1.02390929422,0.923436969219,1.14931866962
2020-06-05,11,1149,,,,,,,1939,675,3512,28390,10213,52274,282119,131178,471460,1.03652577615,0.92528549824,1.16753337435
2020-06-06,4,1153,,,,,,,1968,680,3549,28419,10158,52260,284087,131859,475009,1.04926701381,0.929946577564,1.18157947064
2020-06-07,4,1157,,,,,,,2000,693,3606,28497,10128,52318,286087,132553,478615,1.06185221025,0.931716241022,1.19304147386
2020-06-08,4,1161,,,,,,,2037,712,3675,28626,10131,52458,288124,133265,482289,1.07401016266,0.933031387879,1.20176541274
2020-06-09,15,1176,,,,,,,2078,737,3774,28808,10174,52710,290202,134002,486062,1.0854895057,0.931200339118,1.20895900326
2020-06-10,0,1176,,,,,,,2123,747,3864,29047,10237,53070,292325,134750,489926,1.09607213484,0.930313455552,1.21427455018
2020-06-11,18,1194,,,,,,,2172,770,3974,29344,10333,53558,294497,135521,493900,1.10558857334,0.928960280557,1.21825207756
2020-06-12,10,1204,,,,,,,2224,800,4070,29699,10465,54157,296721,136321,497970,1.11393155019,0.927714683372,1.22114781565
2020-06-13,9,1213,,,,,,,2279,831,4200,30115,10636,54899,299000,137153,502169,1.12106325526,0.926963083534,1.2233674514
2020-06-14,4,1217,,,,,,,2338,866,4297,30590,10846,55737,301338,138019,506465,1.12701302086,0.926516792392,1.22525784216
2020-06-15,3,1220,,,,,,,2399,902,4442,31123,11092,56727,303737,138921,510907,1.13186532497,0.925979586689,1.22670911269
2020-06-16,11,1231,,,,,,,2463,935,4556,31715,11366,57852,306200,139857,515462,1.13574150249,0.925703559265,1.22764001793
2020-06-17,-5,1226,,,,,,,2531,974,4715,32364,11673,59141,308731,140831,520177,1.13878028124,0.925490724395,1.22893784409
2020-06-18,19,1245,,,,,,,2601,1013,4866,33068,12015,60563,311332,141845,525042,1.14112145051,0.925122014168,1.22965202073
2020-06-19,10,1255,,,,,,,2673,1056,5001,33825,12398,62094,314005,142901,530042,1.14286787882,0.924757975486,1.22973477909
2020-06-20,10,1265,,,,,,,2749,1100,5183,34635,12823,63765,316754,144001,535224,1.14415669372,0.924321519791,1.23006060806
2020-06-21,5,1270,,,,,,,2828,1131,5392,35495,13273,65608,319582,145132,540616,1.1450604113,0.92401509004,1.23091302815
2020-06-22,6,1276,,,,,,,2909,1161,5597,36403,13741,67598,322490,146294,546212,1.14565175316,0.923829815559,1.23126711464
2020-06-23,8,1284,,,,,,,2993,1154,5801,37359,14184,69724,325483,147449,552012,1.14598608772,0.923634334519,1.23163315946
2020-06-24,9,1293,,,,,,,3080,1177,5955,38361,14624,71905,328563,148627,557966,1.14608877987,0.923407203016,1.23174057855
2020-06-25,7,1300,,,,,,,3169,1215,6120,39407,15091,74160,331733,149842,564086,1.14597668661,0.923240941895,1.23188722112
2020-06-26,4,1304,,,,,,,3262,1265,6355,40497,15586,76541,334994,151107,570440,1.14564301403,0.9230645489,1.23192972299
2020-06-27,6,1310,,,,,,,3357,1288,6576,41630,16074,79046,338351,152396,577015,1.14507591571,0.922889124353,1.23177888802
2020-06-28,0,1310,,,,,,,3454,1291,6789,42805,16533,81635,341805,153687,583803,1.14423301837,0.922658064097,1.23150843151
2020-06-29,10,1320,,,,,,,3553,1312,7015,44020,16980,84353,345358,154999,590818,1.14307589863,0.922400312983,1.23117720336
2020-06-30,12,1332,,,,,,,3653,1308,7222,45274,17387,87133,349011,156308,598039,1.14153069678,0.922173186222,1.23089740583
2020-07-01,7,1339,,,,,,,3755,1310,7429,46565,17762,90006,352766,157619,605468,1.1395375468,0.921870837306,1.23026079572
2020-07-02,3,1342,,,,,,,3856,1302,7702,47890,18090,92993,356622,158922,613169,1.13697452165,0.921657872799,1.22991826158
2020-07-03,10,1352,,,,,,,3957,1287,7965,49246,18363,96092,360578,160209,621134,1.13379583028,0.921447462756,1.22918689629
2020-07-04,2,1354,,,,,,,4055,1295,8173,50628,18603,99264,364634,161505,629306,1.12991437961,0.921220510972,1.22852345115
2020-07-05,5,1359,,,,,,,4152,1296,8445,52031,18799,102527,368785,162801,637750,1.12529827271,0.921060466234,1.22756217652
2020-07-06,10,1369,,,,,,,4244,1285,8713,53448,18953,105848,373029,164086,646463,1.11991753473,0.920884543325,1.22673666792
2020-07-07,15,1384,,,,,,,4332,1318,8925,54871,19111,109176,377362,165405,655387,1.11378668808,0.92073726791,1.2256213076
2020-07-08,10,1394,,,,,,,4415,1323,9016,56294,19280,112391,381777,166729,664403,1.10692529201,0.920119427768,1.22425119043
2020-07-09,15,1409,,,,,,,4492,1327,9105,57706,19429,115542,386269,168056,673507,1.09936536845,0.919752062861,1.22243357905
2020-07-10,15,1424,,,,,,,4561,1342,9266,59097,19556,118687,390830,169398,682772,1.09115543092,0.918858329113,1.22081630821
2020-07-11,0,1424,,,,,,,4622,1364,9422,60457,19655,121754,395452,170763,692194,1.08236817411,0.916875668398,1.21897269291
2020-07-12,14,1438,,,,,,,4675,1377,9447,61775,19744,124625,400126,172140,701640,1.07310603944,0.910862186678,1.21720733698
2020-07-13,-39,1399,,,,,,,4719,1379,9480,63040,19833,127317,404845,173520,711120,1.06349933953,0.905555125141,1.21544680878
2020-07-14,5,1404,,,,,,,4754,1380,9561,64241,19901,129863,409599,174900,720680,1.05369577565,0.900986123236,1.21292262864
2020-07-15,17,1421,,,,,,,4780,1380,9525,65367,19972,132166,414378,176281,730205,1.04384461049,0.894197900634,1.20925848051
2020-07-16,6,1427,,,,,,,4797,1378,9470,66409,20039,134207,419175,177659,739674,1.03408104983,0.886954796303,1.20460911504
2020-07-17,7,1434,,,,,,,4806,1374,9558,67359,20111,136063,423980,179034,749231,1.02451595365,0.884551864464,1.19917718791
2020-07-18,10,1444,,,,,,,4806,1372,9529,68208,20197,137626,428787,180406,758760,1.01523344073,0.882333582966,1.19315587337
2020-07-19,3,1447,,,,,,,4799,1369,9515,68952,20270,138969,433585,181775,768274,1.00629542469,0.879825527647,1.18692523663
2020-07-20,6,1453,,,,,,,4784,1355,9510,69584,20330,140034,438369,183131,777784,0.997749315492,0.875791158808,1.17837518679
2020-07-21,12,1465,,,,,,,4762,1346,9522,70101,20391,140842,443130,184478,787305,0.989634580503,0.874867019184,1.16882673892
2020-07-22,3,1468,,,,,,,4733,1338,9493,70502,20411,141410,447864,185817,796797,0.981985684389,0.872600209383,1.15628365787
2020-07-23,14,1482,,,,,,,4699,1313,9435,70785,20401,141829,452562,187130,806232,0.974831612793,0.871785647411,1.14292436706
2020-07-24,13,1495,,,,,,,4659,1300,9440,70952,20374,142164,457221,188431,815671,0.968193938606,0.869219100344,1.1277989348
2020-07-25,-1,1494,,,,,,,4625,1293,9421,71016,20326,142320,461846,189724,825092,0.964299703167,0.868988202528,1.11342085483
2020-07-26,7,1501,,,,,,,4586,1277,9362,70980,20239,142260,466432,191002,834453,0.960920444233,0.866202230644,1.10046130925
2020-07-27,17,1518,,,,,,,4545,1261,9236,70850,20123,142050,470977,192263,843689,0.958055343922,0.864152572149,1.084499048
2020-07-28,30,1548,,,,,,,4501,1246,9185,70633,19989,141754,475478,193509,852873,0.95569766657,0.863351893898,1.07134303119
2020-07-29,7,1555,,,,,,,4457,1222,9100,70336,19831,141292,479934,194732,861972,0.953834660558,0.86376795578,1.0582226494
2020-07-30,9,1564,,,,,,,4413,1204,9013,69970,19656,140781,484348,195937,870985,0.952447625405,0.863157953406,1.05019107452
2020-07-31,0,1564,,,,,,,4371,1191,8903,69544,19469,140214,488719,197128,879888,0.951511733625,0.863030486123,1.04139902859
2020-08-01,28,1592,,,,,,,4329,1169,8868,69067,19264,139524,493047,198298,888755,0.950996180833,0.86338024962,1.03856121295
2020-08-02,4,1596,,,,,,,4287,1152,8745,68548,19044,138740,497334,199451,897499,0.95086510104,0.862008084834,1.03832994795
2020-08-03,4,1600,,,,,,,4246,1128,8638,67995,18803,137863,501580,200579,906137,0.951079014952,0.861280447382,1.04008569927
2020-08-04,19,1619,,,,,,,4208,1109,8541,67419,18557,136895,505788,201689,914678,0.951600855132,0.860902454421,1.04126981494
2020-08-05,5,1624,,,,,,,4170,1089,8479,66828,18300,135852,509959,202778,923156,0.952385454811,0.859758458772,1.042139508
2020-08-06,29,1653,,,,,,,4135,1069,8400,66230,18030,134759,514094,203847,931556,0.953393728008,0.861545784424,1.04318116354
2020-08-07,19,1672,,,,,,,4102,1049,8373,65633,17765,133697,518195,204896,939928,0.954589809488,0.862925209151,1.04302336559
2020-08-08,16,1688,,,,,,,4070,1033,8336,65044,17498,132593,522265,205929,948264,0.955941817951,0.864257569013,1.04521846086
2020-08-09,0,1688,,,,,,,4040,1015,8313,64459,17220,131485,526305,206945,956576,0.957422143881,0.86250964945,1.04748036225
2020-08-10,9,1697,,,,,,,4012,996,8240,63885,16938,130363,530317,207941,964815,0.959007380413,0.860977484418,1.05036719696
2020-08-11,19,1716,,,,,,,3987,980,8181,63327,16657,129307,534304,208921,972996,0.960678018689,0.860539135428,1.05264388549
2020-08-12,8,1724,,,,,,,3963,967,8096,62789,16378,128219,538267,209888,981091,0.962418022561,0.860900374548,1.05606307602
2020-08-13,12,1736,,,,,,,3941,955,8034,62274,16111,127153,542208,210843,989125,0.964221395635,0.862412800395,1.05901556989
2020-08-14,19,1755,,,,,,,3922,941,8051,61782,15847,126191,546130,211785,997176,0.966070577696,0.862427893335,1.06192610827
2020-08-15,11,1766,,,,,,,3904,926,7991,61316,15583,125279,550034,212712,1005166,0.967957747682,0.863228103078,1.06522086167
2020-08-16,15,1781,,,,,,,3889,909,7954,60876,15323,124365,553923,213621,1013119,0.969876793369,0.864701995246,1.06876181603
2020-08-17,4,1785,,,,,,,3876,904,7962,60465,15075,123582,557799,214526,1021081,0.971823629141,0.866085492312,1.07196308094
2020-08-18,23,1808,,,,,,,3864,897,7966,60083,14843,122910,561663,215423,1029047,0.973795375703,0.867205680276,1.07618872264
2020-08-19,14,1822,,,,,,,3855,888,7973,59730,14622,122341,565518,216312,1037019,0.975787888885,0.868650844943,1.08003098336
2020-08-20,15,1837,,,,,,,3848,875,7973,59408,14409,121836,569366,217188,1044991,0.977798142727,0.867569462119,1.08274930229
2020-08-21,13,1850,,,,,,,3843,866,7964,59115,14207,121400,573209,218054,1052955,0.979824520099,0.867517327084,1.08657929205
2020-08-22,7,1857,,,,,,,3840,864,8023,58854,14022,121050,577049,218919,1060977,0.981865970531,0.8674704107,1.08885710693
2020-08-23,6,1863,,,,,,,3839,864,8087,58623,13854,120800,580888,219784,1069064,0.983922114419,0.868398394548,1.09280181019
2020-08-24,4,1867,,,,,,,3841,850,8154,58424,13689,120641,584729,220634,1077217,0.985992170829,0.868117213461,1.09707211734
2020-08-25,9,1876,,,,,,,3844,841,8201,58256,13535,120603,588574,221476,1085417,0.988075449987,0.86859241855,1.10049582748
2020-08-26,4,1880,,,,,,,3850,838,8176,58120,13393,120597,592424,222315,1093592,0.9901716697,0.869570464817,1.10534548296
2020-08-27,10,1890,,,,,,,3858,840,8207,58015,13266,120708,596282,223155,1101799,0.992280869589,0.869174657637,1.11015718334
2020-08-28,15,1905,,,,,,,3869,840,8270,57943,13151,120945,600151,223995,1110069,0.994403289445,0.869699801005,1.11486522417
2020-08-29,0,1905,,,,,,,3881,824,8288,57902,13034,121181,604032,224820,1118356,0.996539037404,0.869703594381,1.11943269297
2020-08-30,0,1905,,,,,,,3897,824,8418,57895,12932,121608,607929,225644,1126774,0.998688067972,0.870527502561,1.12371822302
2020-08-31,10,1915,,,,,,,3914,812,8543,57920,12835,122198,611843,226457,1135316,1.00085029884,0.870876159052,1.12818003435
2020-09-01,16,1931,,,,,,,3934,806,8642,57979,12737,122878,615777,227263,1143958,1.00302559712,0.870375789534,1.13306810348
2020-09-02,4,1935,,,,,,,3957,798,8813,58071,12639,123724,619734,228062,1152771,1.00521371489,0.870079234545,1.1378158153
2020-09-03,10,1945,,,,,,,3982,791,8881,58199,12541,124633,623717,228854,1161651,1.00741417116,0.870112651378,1.14207035384
2020-09-04,8,1953,,,,,,,4010,777,8956,58361,12443,125616,627727,229631,1170607,1.00962623074,0.8701610228,1.1464654684
2020-09-05,0,1953,,,,,,,4041,770,9144,58559,12347,126796,631768,230402,1179750,1.01184897536,0.871125937425,1.15057174762
2020-09-06,0,1953,,,,,,,4075,763,9302,58793,12246,128075,635842,231165,1189052,1.01408137297,0.871275491773,1.15477907174
2020-09-07,0,1953,,,,,,,4111,753,9413,59065,12135,129401,639953,231919,1198464,1.01632232191,0.871119244101,1.1591220962
2020-09-08,0,1953,,,,,,,4151,745,9559,59375,12029,130806,644104,232664,1208022,1.01857066868,0.871446555907,1.16334402584
2020-09-09,25,1978,,,,,,,4194,730,9738,59724,11918,132343,648298,233395,1217760,1.02082523122,0.87226991829,1.16739661634
2020-09-10,7,1985,,,,,,,4240,723,9972,60114,11803,134140,652537,234118,1227732,1.0230848385,0.872553889698,1.17143668952
2020-09-11,6,1991,,,,,,,4289,716,10290,60544,11679,136222,656827,234835,1238021,1.02534836834,0.872097258966,1.17552830679
2020-09-12,0,1991,,,,,,,4342,711,10615,61018,11550,138567,661169,235546,1248635,1.02761477403,0.872290471051,1.17959582338
2020-09-13,0,1991,,,,,,,4399,708,10921,61535,11434,141201,665567,236255,1259556,1.02988309786,0.872661990974,1.1836338435
2020-09-14,15,2006,,,,,,,4459,701,11111,62097,11312,143894,670026,236956,1270667,1.03215247612,0.872431063651,1.18763875202
2020-09-15,9,2015,,,,,,,4523,698,11458,62706,11198,146809,674550,237655,1282125,1.03442213831,0.872441632973,1.19160689845
2020-09-16,5,2020,,,,,,,4592,692,11692,63364,11084,149858,679141,238348,1293816,1.03669139908,0.873187740178,1.19597637319
2020-09-17,11,2031,,,,,,,4664,690,11906,64071,10976,152951,683806,239039,1305721,1.0389596435,0.873958894514,1.20085884748
2020-09-18,6,2037,,,,,,,4742,678,12246,64831,10863,156316,688547,239717,1317967,1.04122630905,0.874704417878,1.20577946147
2020-09-19,0,2037,,,,,,,4823,671,12735,65644,10757,160096,693371,240389,1330702,1.04349086845,0.874837679948,1.21014843604
2020-09-20,0,2037,,,,,,,4910,659,13270,66513,10646,164222,698281,241048,1343972,1.04575281598,0.874705923408,1.21351937063
2020-09-21,12,2049,,,,,,,5002,647,13805,67440,10529,168725,703282,241695,1357776,1.04801165667,0.874575855108,1.21842611879
2020-09-22,21,2070,,,,,,,5099,644,14324,68428,10421,173635,708381,242340,1372099,1.05026689761,0.874438795573,1.22297312046
2020-09-23,11,2081,,,,,,,5202,639,14919,69479,10316,178996,713583,242980,1387018,1.05251504209,0.874233432821,1.22657203258
2020-09-24,-1,2080,,,,,,,5310,640,15343,70595,10225,184602,718893,243621,1402361,1.05475174761,0.874030164107,1.23013003785
2020-09-25,20,2100,,,,,,,5425,631,15781,71780,10133,190411,724318,244252,1418142,1.05698051992,0.8736782625,1.2339656012
2020-09-26,0,2100,,,,,,,5545,628,16488,73037,10046,196609,729863,244881,1434629,1.0591833378,0.873304201973,1.2365635804
2020-09-27,0,2100,,,,,,,5673,612,17088,74367,9947,203082,735536,245494,1451717,1.06136766593,0.873540798027,1.24039002866
2020-09-28,0,2100,,,,,,,5807,598,17793,75776,9837,209953,741343,246092,1469509,1.06351664014,0.873423981575,1.24353286416
2020-09-29,,,7.58417662682,1,17,2107.58417663,2101,2117,5948,592,18507,77265,9728,217349,747291,246684,1488015,1.0656299832,0.873412852462,1.24777432183
2020-09-30,,,7.71039828423,1,18,2115.29457491,2103,2134,6097,585,19346,78838,9615,225237,753388,247270,1507361,1.0676945764,0.87342281971,1.25183612775
2020-10-01,,,7.84356088301,1,18,2123.13813579,2104,2151,6253,578,20071,80499,9500,233615,759641,247848,1527431,1.06970971651,0.873485049709,1.25507815151
2020-10-02,,,7.98391018174,1,18,2131.12204598,2106,2169,6416,571,20830,82251,9381,242539,766057,248420,1548260,1.0716755985,0.873707197281,1.25551119498
2020-10-03,,,8.13172689797,1,19,2139.25377287,2107,2187,6588,566,21734,84098,9268,252027,772645,248986,1569993,1.0735945936,0.873927632244,1.25657426406
2020-10-04,,,8.2873772627,1,19,2147.54115014,2109,2206,6768,561,22564,86043,9159,261855,779414,249548,1592557,1.07545306583,0.874475384003,1.25926845589
2020-10-05,,,8.45124974895,1,20,2155.99239989,2111,2225,6957,549,23306,88090,9049,271891,786371,250098,1615862,1.07728098005,0.874831448279,1.25950646922
2020-10-06,,,8.6237566362,1,20,2164.61615652,2112,2245,7154,534,24300,90243,8936,282386,793525,250632,1640162,1.07903844185,0.8751452384,1.25999923596
2020-10-07,,,8.80533568604,1,21,2173.42149221,2114,2265,7361,519,25463,92505,8811,293526,800886,251151,1665624,1.08073842987,0.875332195462,1.26053867375
2020-10-08,,,8.99645197432,1,22,2182.41794418,2115,2286,7577,504,26734,94880,8676,305340,808463,251656,1692358,1.0824038239,0.875296183398,1.25987967533
2020-10-09,,,9.19759968518,1,23,2191.61554387,2117,2308,7802,490,27725,97372,8525,317722,816265,252146,1720083,1.08400811741,0.875071528783,1.26057516352
2020-10-10,,,9.40930375394,1,23,2201.02484762,2118,2331,8038,476,28946,99985,8370,330887,824303,252623,1749029,1.08554280978,0.874846413909,1.26204037423
2020-10-11,,,9.63212193383,1,24,2210.65696955,2120,2355,8283,465,30169,102722,8207,344568,832585,253088,1779197,1.08702439066,0.874620852101,1.26357195369
2020-10-12,,,9.86664505877,1,25,2220.52361461,2122,2380,8538,449,31397,105588,8044,358877,841124,253538,1810593,1.08845521897,0.874394852916,1.26255226956
2020-10-13,,,10.0242330396,1,26,2230.54784765,2123,2405,8804,437,32734,108585,7882,373818,849928,253975,1843326,1.08982600763,0.874168422676,1.26242261976
2020-10-14,,,10.1918267839,1,26,2240.73967444,2125,2430,9080,427,34313,111717,7718,389625,859008,254403,1877639,1.09111163494,0.874305883492,1.26220832365
2020-10-15,,,10.3698431351,1,27,2251.10951757,2126,2457,9367,422,35930,114987,7555,406209,868375,254825,1913569,1.09232287933,0.874503120102,1.25916915041
2020-10-16,,,10.5587185872,1,28,2261.66823616,2128,2484,9665,418,37193,118399,7395,423331,878040,255244,1950761,1.09347850635,0.875059275794,1.25789831261
2020-10-17,,,10.7589093427,1,29,2272.4271455,2129,2513,9973,415,38873,121956,7239,441373,888013,255660,1989633,1.09454835363,0.875679450843,1.25534491579
2020-10-18,,,10.970889437,1,30,2283.39803494,2131,2542,10292,409,40298,125659,7082,459938,898305,256069,2029931,1.09555842203,0.875995062762,1.25480227863
2020-10-19,,,11.1951506442,1,31,2294.59318558,2132,2573,10622,404,42096,129513,6924,479470,908926,256473,2072026,1.09650784468,0.875978175575,1.25283686136
2020-10-20,,,11.4322007898,1,33,2306.02538637,2134,2606,10963,399,43844,133518,6773,500007,919889,256872,2115869,1.09740081182,0.87562781771,1.25124755045
2020-10-21,,,11.6825651042,1,34,2317.70795148,2135,2639,11315,394,45853,137678,6634,521560,931203,257266,2161722,1.09823053588,0.875523799913,1.24815289836
2020-10-22,,,11.946784231,1,35,2329.65473571,2137,2673,11677,389,47852,141995,6504,543949,942881,257656,2209573,1.09898353864,0.875419112465,1.24544085133
2020-10-23,,,12.2254123058,1,36,2341.88014801,2138,2709,12051,387,49900,146469,6387,567115,954932,258043,2259473,1.09967163608,0.87531373963,1.24431279566
2020-10-24,,,12.5188925228,1,38,2354.39904054,2140,2746,12435,384,52088,151101,6281,591478,967366,258428,2311561,1.10028866738,0.875207677006,1.24222348835
2020-10-25,,,12.8278125384,1,39,2367.22685308,2141,2784,12829,381,54321,155893,6186,616854,980196,258809,2365882,1.10084325904,0.875102812641,1.2401412371
2020-10-26,,,13.1527694074,1,41,2380.37962248,2143,2825,13234,377,56363,160844,6098,643048,993430,259187,2422244,1.10132410791,0.87499511259,1.23972670652
2020-10-27,,,13.494376178,1,42,2393.87399866,2144,2867,13649,375,58640,165955,6024,670291,1007078,259562,2480884,1.1017192675,0.874837835395,1.24076697981
2020-10-28,,,13.8532530311,1,44,2407.72725169,2145,2910,14073,371,60125,171223,5959,697682,1021151,259934,2541008,1.10203430183,0.874399321413,1.23964059735
2020-10-29,,,14.230026147,1,46,2421.95727784,2147,2956,14506,362,61556,176649,5893,724925,1035657,260296,2602564,1.10228840305,0.87428970723,1.23975294936
2020-10-30,,,14.6253228261,1,48,2436.58260067,2148,3003,14949,354,62948,182231,5824,751943,1050606,260650,2665511,1.10247124272,0.874173175113,1.23830779231
2020-10-31,,,15.0397671282,1,50,2451.62236779,2149,3053,15399,344,64381,187965,5750,779131,1066005,260995,2729892,1.10256739197,0.874144212303,1.23693862023
2020-11-01,,,15.4739837644,1,52,2467.09635156,2151,3104,15857,334,66340,193849,5669,806599,1081862,261330,2796231,1.10259645591,0.874333134885,1.23543885035
