date,actual_deaths,total_deaths,predicted_deaths_mean,predicted_deaths_lower,predicted_deaths_upper,predicted_total_deaths_mean,predicted_total_deaths_lower,predicted_total_deaths_upper,predicted_new_infected_mean,predicted_new_infected_lower,predicted_new_infected_upper,predicted_current_infected_mean,predicted_current_infected_lower,predicted_current_infected_upper,predicted_total_infected_mean,predicted_total_infected_lower,predicted_total_infected_upper,r_values_mean,r_values_lower,r_values_upper
2020-02-11,,,,,,,,,637,337,846,637,337,846,637,337,846,2.70237368519,2.2,3
2020-02-12,,,,,,,,,637,337,846,1274,674,1691,1274,674,1691,2.70233315831,2.19999609521,2.99999805326
2020-02-13,,,,,,,,,637,337,846,1911,1011,2537,1911,1011,2537,2.70231296746,2.19999409476,2.99999659845
2020-02-14,,,,,,,,,637,337,846,2549,1348,3382,2549,1348,3382,2.70228251901,2.1999908739,2.99999405647
2020-02-15,,,,,,,,,637,337,846,3186,1685,4228,3186,1685,4228,2.70223648418,2.19998606909,2.99998961486
2020-02-16,,,,,,,,,637,337,846,3823,2022,5073,3823,2022,5073,2.70216669641,2.19997863428,2.99998185406
2020-02-17,,,,,,,,,637,337,846,4460,2359,5918,4460,2359,5918,2.70206059994,2.19996665899,2.9999682937
2020-02-18,,,,,,,,,637,337,846,5097,2697,6764,5097,2697,6764,2.70189882767,2.19994797188,2.99994460002
2020-02-19,,,,,,,,,637,337,846,5734,3034,7609,5734,3034,7609,2.70165140911,2.19991894219,2.99990320115
2020-02-20,,,,,,,,,2355,1258,3248,8089,4292,10857,8089,4292,10857,2.70087419623,2.19953558444,2.999466934
2020-02-21,,,,,,,,,2347,1254,3238,10436,5547,14094,10436,5547,14094,2.70024039192,2.19942369762,2.99930207657
2020-02-22,,,,,,,,,2573,1385,3586,13009,6933,17680,13009,6933,17680,2.69915379515,2.19917939912,2.99890659204
2020-02-23,,,,,,,,,3031,1639,4266,16040,8572,21946,16040,8572,21946,2.69757357054,2.19887509564,2.99836938874
2020-02-24,,,,,,,,,3983,2104,5737,20023,10677,27682,20023,10677,27682,2.69520471396,2.19846672639,2.99758449174
2020-02-25,,,,,,,,,5488,2875,8066,25511,13553,35748,25511,13553,35748,2.69159660965,2.19789146207,2.99632713921
2020-02-26,,,,,,,,,6771,3476,10068,31646,16692,44970,32283,17029,45816,2.68603682506,2.19711055393,2.99396256296
2020-02-27,,,,,,,,,8098,4073,12179,39107,20428,56303,40381,21103,57994,2.67744130624,2.19599436732,2.99020676319
2020-02-28,,,,,,,,,9867,4877,14978,48336,24969,70435,50248,25980,72972,2.66424267922,2.19415311524,2.98379432357
2020-02-29,,,,,,,,,12180,5900,18694,59879,30532,88284,62428,31880,91665,2.64408134932,2.19135431876,2.97276259184
2020-03-01,,,,,,,,,15135,7266,23558,74378,37461,110995,77563,39146,115222,2.61356075215,2.18697605321,2.95472522289
2020-03-02,,,,,,,,,18372,8783,28731,92113,45907,138881,95935,47929,143953,2.5681501765,2.17991573309,2.92308397454
2020-03-03,,,,,,,,,21834,10442,34046,113309,56012,172080,117769,58372,177998,2.50242649225,2.15054374885,2.87079233287
2020-03-04,,,,,,,,,25558,12393,39232,138230,68068,210466,143327,70766,217229,2.41105005434,1.91789501366,2.78426282055
2020-03-05,,,,,,,,,29404,14661,44124,166996,82393,253745,172730,85427,261353,2.29056789185,1.68275477691,2.72091039922
2020-03-06,1,1,,,,,,,33069,17349,48618,197710,98483,299115,205799,102776,309971,2.14160919039,1.477812186,2.61434043499
2020-03-07,0,1,,,,,,,36125,20101,52107,231488,117330,347984,241924,122878,362078,1.97004019768,1.3017018056,2.51402966561
2020-03-08,2,3,,,,,,,38328,23226,54157,267244,139172,398555,280253,146105,416234,1.7859560828,1.16401616835,2.39774905076
2020-03-09,0,3,,,,,,,39655,24751,53796,303868,162283,448084,319908,170856,470030,1.60113960231,1.01725544592,2.25899858656
2020-03-10,1,4,,,,,,,40173,25834,55064,340058,186012,497411,360081,196690,525093,1.42638720296,0.929492435299,2.14346697638
2020-03-11,1,5,,,,,,,39985,25531,54240,374555,208668,543585,400066,222221,579332,1.26969769857,0.856848655786,2.01473565669
2020-03-12,0,5,,,,,,,39194,24944,54091,406977,230137,587608,439260,247166,633423,1.13566564733,0.808258426332,1.86845081614
2020-03-13,5,10,,,,,,,37932,24304,53919,436811,250367,629348,477192,271471,687341,1.02580437614,0.754976115549,1.6901677983
2020-03-14,2,12,,,,,,,36356,23513,52694,463300,269003,667063,513548,294984,740035,0.939290022211,0.723927737598,1.48820551332
2020-03-15,8,20,,,,,,,34606,22794,49890,485726,285898,698259,548154,317779,789924,0.873732171111,0.692679949271,1.31214395635
2020-03-16,4,24,,,,,,,32794,21785,47126,503384,300417,721827,580948,339564,837049,0.825834257033,0.667737206481,1.15198359009
2020-03-17,19,43,,,,,,,30987,20331,44368,515999,311965,737464,611935,359895,881417,0.791954240539,0.651895983386,1.02659028103
2020-03-18,15,58,,,,,,,29226,19205,41374,523392,320728,744792,641161,379101,922790,0.768595142686,0.636972899953,0.935474500309
2020-03-19,19,77,,,,,,,27532,18077,38945,525366,326412,744506,668693,397178,961735,0.752764671081,0.62069587367,0.871894587138
2020-03-20,30,107,,,,,,,25918,16814,36435,521881,328565,736816,694611,413993,998169,0.74212976715,0.605972352682,0.842863774812
2020-03-21,30,137,,,,,,,24392,15808,34085,513204,327024,722283,719003,429801,1032254,0.734992272262,0.597193482142,0.838896117233
2020-03-22,43,180,,,,,,,22954,14990,31899,500033,321913,702076,741957,444792,1064153,0.730173119804,0.592965009924,0.837641037881
2020-03-23,34,214,,,,,,,21604,14133,29513,483309,312820,677431,763562,458925,1093665,0.726878326004,0.590058692891,0.836752687333
2020-03-24,63,277,,,,,,,20337,13051,27561,463991,301121,651197,783899,471977,1121226,0.724583213883,0.588428983419,0.835913369337
2020-03-25,80,357,,,,,,,19149,12037,25707,442967,287324,621840,803048,484014,1146933,0.722944822055,0.587208911188,0.835071858216
2020-03-26,78,435,,,,,,,18035,11150,24073,421017,272944,591673,821083,495165,1171005,0.721740191555,0.586300199122,0.834356653931
2020-03-27,112,547,,,,,,,16992,10290,22687,398816,258289,560269,838075,505456,1193691,0.720824623273,0.585697594689,0.833731680139
2020-03-28,93,640,,,,,,,16015,9376,21579,376899,243361,527929,854090,514832,1215270,0.720104111625,0.58526636132,0.833167648264
2020-03-29,132,772,,,,,,,15100,8547,20496,355642,228395,495732,869190,523379,1235766,0.719517394868,0.584867600605,0.832683859014
2020-03-30,93,865,,,,,,,14242,7856,19452,335278,213456,465294,883432,531236,1255218,0.719024357002,0.584153976815,0.832241647823
2020-03-31,175,1040,,,,,,,13438,7240,18462,315922,198912,436630,896870,538476,1273679,0.718598557403,0.583598965847,0.831790911046
2020-04-01,135,1175,,,,,,,12684,6705,17616,297619,185287,409878,909554,545182,1291294,0.718222420824,0.58311917265,0.831379693543
2020-04-02,166,1341,,,,,,,11978,6170,16883,280371,172252,385387,921531,551353,1308177,0.717884137226,0.582857410109,0.830959381524
2020-04-03,149,1490,,,,,,,11315,5699,16106,264154,159873,362548,932846,557052,1324282,0.717575661058,0.582721510742,0.830558247917
2020-04-04,166,1656,,,,,,,10693,5252,15390,248928,148311,341503,943540,562304,1339671,0.717291418074,0.58254811246,0.830173664967
2020-04-05,115,1771,,,,,,,10110,4894,14724,234646,137398,322141,953649,567199,1354395,0.717027467173,0.582397492671,0.8298037495
2020-04-06,103,1874,,,,,,,9562,4492,14057,221254,126899,304300,963211,571691,1368452,0.716780954817,0.582264695047,0.829447125731
2020-04-07,234,2108,,,,,,,9047,4103,13400,208697,116869,288187,972258,575795,1381851,0.716549758105,0.582146301872,0.829102763915
2020-04-08,147,2255,,,,,,,8564,3767,12854,196923,107585,273480,980822,579562,1394705,0.716332250252,0.582039880933,0.828769870791
2020-04-09,148,2403,,,,,,,8109,3476,12299,185883,99024,260072,988931,583039,1407004,0.716127145968,0.58194363986,0.828447815642
2020-04-10,117,2520,,,,,,,7682,3208,11819,175530,91082,247818,996613,586248,1418822,0.715933399123,0.581856208641,0.82813608056
2020-04-11,133,2653,,,,,,,7280,2918,11430,165818,83710,236561,1003893,589166,1430252,0.715750134564,0.58177650281,0.827834226849
2020-04-12,94,2747,,,,,,,6902,2709,11018,156705,77044,226000,1010795,591876,1441269,0.715576602258,0.581703637398,0.827541872107
2020-04-13,86,2833,,,,,,,6545,2500,10596,148150,70997,216100,1017340,594377,1451865,0.715412146108,0.58163687219,0.827258674535
2020-04-14,122,2955,,,,,,,6210,2315,10230,140118,65456,206877,1023550,596692,1462095,0.715256182529,0.581575575903,0.826984322232
2020-04-15,190,3145,,,,,,,5894,2142,9894,132574,60358,198310,1029444,598835,1471988,0.71510818557,0.58151920192,0.826718525971
2020-04-16,182,3327,,,,,,,5595,1999,9570,125485,55652,190264,1035039,600834,1481558,0.714967676415,0.581467271435,0.826461014296
2020-04-17,144,3471,,,,,,,5314,1857,9258,118821,51339,182639,1040353,602692,1490815,0.714834215826,0.581419361516,0.826211530162
2020-04-18,142,3613,,,,,,,5049,1723,8958,112555,47363,175491,1045401,604416,1499773,0.714707398557,0.581375096451,0.825969828573
2020-04-19,84,3697,,,,,,,4798,1606,8667,106660,43717,168768,1050199,606022,1508439,0.714586849111,0.581334141203,0.825736522379
2020-04-20,67,3764,,,,,,,4561,1507,8383,101111,40330,162426,1054760,607530,1516821,0.714472218442,0.581296196214,0.825514844495
2020-04-21,165,3929,,,,,,,4337,1419,8111,95886,37257,156481,1059097,608949,1524932,0.714363181324,0.581260993127,0.825300318438
2020-04-22,139,4068,,,,,,,4125,1328,7832,90963,34482,150912,1063222,610277,1532763,0.714259434192,0.5812282912,0.825092725697
2020-04-23,124,4192,,,,,,,3924,1246,7571,86324,31961,145629,1067146,611523,1540334,0.714160693327,0.581197874261,0.824891855016
2020-04-24,112,4304,,,,,,,3734,1166,7318,81949,29650,140647,1070881,612690,1547651,0.71406669329,0.581169548092,0.82469750212
2020-04-25,120,4424,,,,,,,3554,1097,7073,77822,27539,135902,1074435,613787,1554724,0.71397718555,0.581143138133,0.824509469476
2020-04-26,67,4491,,,,,,,3384,1021,6837,73925,25642,131309,1077819,614809,1561560,0.713891937265,0.581118487459,0.824327566075
2020-04-27,43,4534,,,,,,,3222,959,6609,70246,23891,126900,1081040,615768,1568169,0.713810730184,0.581095454971,0.824151607235
2020-04-28,48,4582,,,,,,,3068,892,6387,66768,22284,122691,1084108,616661,1574555,0.71373335965,0.581073913783,0.823981414412
2020-04-29,145,4727,,,,,,,2922,834,6172,63480,20803,118633,1087030,617496,1580727,0.713660192466,0.58105374978,0.82381681502
2020-04-30,84,4811,,,,,,,2783,784,5968,60369,19446,114707,1089813,618281,1586695,0.71359293796,0.581034860332,0.823657642255
2020-05-01,98,4909,,,,,,,2651,731,5770,57425,18177,110907,1092464,619012,1592464,0.713540749393,0.581122719102,0.823503734924
2020-05-02,94,5003,,,,,,,2525,682,5577,54636,17002,107226,1094989,619695,1598041,0.713491622558,0.581106855411,0.823354939293
2020-05-03,69,5072,,,,,,,2405,635,5390,51992,15914,103658,1097393,620330,1603430,0.713452480246,0.581232629648,0.823211101442
2020-05-04,26,5098,,,,,,,2290,591,5209,49485,14899,100200,1099684,620921,1608639,0.713414411645,0.581249669855,0.823072077637
2020-05-05,87,5185,,,,,,,2181,552,5032,47105,13943,96850,1101865,621473,1613670,0.713378267078,0.581272466261,0.822937815158
2020-05-06,36,5221,,,,,,,2077,515,4861,44845,13039,93600,1103942,621989,1618531,0.713349277381,0.581301751054,0.822808028191
2020-05-07,85,5306,,,,,,,1977,481,4697,42698,12193,90465,1105920,622471,1623228,0.713325780227,0.581338386243,0.822682655709
2020-05-08,71,5377,,,,,,,1882,450,4538,40655,11398,87432,1107802,622922,1627765,0.713305501662,0.581383386614,0.822561573476
2020-05-09,64,5441,,,,,,,1791,421,4382,38712,10653,84496,1109592,623343,1632147,0.713290466186,0.581542190469,0.822444662233
2020-05-10,18,5459,,,,,,,1703,394,4230,36861,9950,81653,1111296,623738,1636376,0.713279911625,0.581627385184,0.822331807734
2020-05-11,16,5475,,,,,,,1619,367,4082,35096,9296,78898,1112915,624106,1640458,0.713276784466,0.581741126248,0.82222290083
2020-05-12,54,5529,,,,,,,1539,342,3938,33413,8680,76228,1114454,624448,1644396,0.713281874222,0.581875133537,0.822117837618
2020-05-13,52,5581,,,,,,,1462,318,3798,31807,8105,73639,1115915,624766,1648193,0.71329611927,0.582032548851,0.822016519677
2020-05-14,28,5609,,,,,,,1387,294,3661,30272,7565,71127,1117303,625061,1651854,0.71332063053,0.582217023316,0.821918854396
2020-05-15,53,5662,,,,,,,1316,271,3527,28805,7052,68686,1118618,625333,1655380,0.713356719036,0.582400338305,0.821824755446
2020-05-16,27,5689,,,,,,,1247,249,3397,27401,6571,66313,1119865,625583,1658776,0.713405928223,0.582743115803,0.821734143423
2020-05-17,10,5699,,,,,,,1180,227,3269,26056,6116,64005,1121045,625811,1662045,0.7134700717,0.583092225335,0.821648248855
2020-05-18,14,5713,,,,,,,1116,206,3145,24767,5687,61759,1122161,626018,1665189,0.713551277449,0.583427354662,0.821715036425
2020-05-19,21,5734,,,,,,,1054,186,3023,23531,5282,59574,1123215,626204,1668212,0.713652039553,0.583817228559,0.821867778316
2020-05-20,33,5767,,,,,,,997,169,2905,22347,4899,57447,1124212,626373,1671117,0.713775278631,0.584270509157,0.821888364837
2020-05-21,27,5794,,,,,,,946,156,2798,21217,4540,55384,1125159,626529,1673914,0.713924408179,0.584714838657,0.821829581859
2020-05-22,13,5807,,,,,,,897,143,2693,20137,4202,53380,1126056,626673,1676607,0.71410336975,0.585129240281,0.821795191209
2020-05-23,23,5830,,,,,,,850,132,2591,19105,3883,51433,1126907,626806,1679198,0.714316744269,0.585521317895,0.821965353938
2020-05-24,11,5841,,,,,,,806,121,2493,18120,3583,49544,1127713,626927,1681690,0.714569994182,0.585820288539,0.821961412188
2020-05-25,8,5849,,,,,,,764,111,2398,17181,3300,47712,1128477,627038,1684088,0.714869498227,0.586147123509,0.82220803694
2020-05-26,26,5875,,,,,,,725,102,2308,16287,3035,45938,1129202,627141,1686396,0.715222703605,0.586538794711,0.822421113373
2020-05-27,15,5890,,,,,,,689,95,2222,15437,2787,44222,1129891,627236,1688618,0.715638302989,0.587094997052,0.822656765226
2020-05-28,32,5922,,,,,,,654,88,2139,14629,2558,42563,1130545,627325,1690756,0.71612645196,0.588043510542,0.823080674789
2020-05-29,28,5950,,,,,,,621,81,2059,13864,2345,40961,1131166,627406,1692814,0.716699025823,0.588864829745,0.823443987358
2020-05-30,20,5970,,,,,,,591,76,1983,13139,2149,39417,1131757,627483,1694797,0.717369900806,0.590255681867,0.823478644133
2020-05-31,5,5975,,,,,,,562,71,1909,12454,1970,37930,1132319,627554,1696706,0.71815528036,0.59186665272,0.823695075243
2020-06-01,6,5981,,,,,,,535,66,1839,11808,1809,36500,1132853,627620,1698545,0.71907407658,0.593731504409,0.82431317179
2020-06-02,5,5986,,,,,,,509,62,1773,11201,1665,35128,1133362,627683,1700317,0.720148351539,0.595888776008,0.824790573955
2020-06-03,10,5996,,,,,,,485,58,1709,10632,1537,33815,1133847,627742,1702026,0.72140382937,0.598382641493,0.825462619655
2020-06-04,13,6009,,,,,,,462,55,1646,10097,1424,32555,1134309,627797,1703672,0.722870480837,0.6012631034,0.826038612723
2020-06-05,15,6024,,,,,,,441,52,1586,9592,1320,31344,1134750,627850,1705258,0.724583187706,0.604586891008,0.826789149184
2020-06-06,6,6030,,,,,,,421,50,1528,9115,1226,30179,1135171,627900,1706785,0.726582492479,0.608418004543,0.827954605128
2020-06-07,2,6032,,,,,,,402,48,1475,8667,1142,29062,1135574,627948,1708260,0.728915434521,0.612828288442,0.828495953959
2020-06-08,3,6035,,,,,,,385,46,1424,8246,1068,27993,1135959,627995,1709683,0.731636466274,0.618104591881,0.829906614237
2020-06-09,15,6050,,,,,,,369,45,1379,7851,1002,26974,1136327,628041,1711061,0.734808429376,0.623924404749,0.831561339595
2020-06-10,11,6061,,,,,,,353,44,1333,7479,944,25999,1136681,628085,1712394,0.738503549767,0.629748075131,0.833094238
2020-06-11,2,6063,,,,,,,339,43,1292,7129,892,25069,1137020,628128,1713686,0.742804377887,0.630984790394,0.836556260667
2020-06-12,9,6072,,,,,,,326,42,1247,6802,845,24177,1137347,628170,1714932,0.747804549648,0.633586518574,0.840543516451
2020-06-13,4,6076,,,,,,,314,40,1206,6495,804,23324,1137661,628211,1716138,0.753609171703,0.634325150995,0.845083478653
2020-06-14,2,6078,,,,,,,304,40,1171,6208,769,22513,1137965,628252,1717309,0.760334538784,0.641622718957,0.854006170783
2020-06-15,6,6084,,,,,,,294,39,1140,5940,737,21743,1138258,628291,1718448,0.768106778696,0.646633346492,0.864357305071
2020-06-16,5,6089,,,,,,,285,38,1111,5690,709,21015,1138543,628330,1719559,0.777058916046,0.651793313073,0.874856804585
2020-06-17,4,6093,,,,,,,277,38,1081,5458,686,20323,1138820,628369,1720639,0.78732580106,0.656817055805,0.886664334973
2020-06-18,4,6097,,,,,,,270,39,1052,5244,666,19665,1139091,628408,1721691,0.799036450372,0.666326445183,0.898762085805
2020-06-19,3,6100,,,,,,,265,39,1034,5046,650,19053,1139355,628448,1722724,0.812303697759,0.674778904256,0.915696249975
2020-06-20,8,6108,,,,,,,260,40,1016,4865,637,18482,1139616,628488,1723739,0.827211724764,0.687916578133,0.940187917417
2020-06-21,1,6109,,,,,,,257,40,997,4701,628,17951,1139872,628529,1724736,0.84380297089,0.70080356432,0.971289338349
2020-06-22,0,6109,,,,,,,254,41,984,4553,621,17461,1140127,628570,1725720,0.862066811535,0.714534671058,0.999183653351
2020-06-23,5,6114,,,,,,,253,42,972,4421,617,17008,1140380,628613,1726691,0.88193271822,0.730233038121,1.03424447859
2020-06-24,2,6116,,,,,,,253,43,965,4306,615,16595,1140633,628656,1727656,0.90326989191,0.749449601099,1.06768242628
2020-06-25,3,6119,,,,,,,255,44,967,4207,615,16228,1140888,628701,1728622,0.925893579392,0.759662161855,1.11602941987
2020-06-26,3,6122,,,,,,,257,45,973,4125,618,15910,1141145,628747,1729595,0.949576196195,0.77344121509,1.1667547234
2020-06-27,2,6124,,,,,,,261,47,982,4059,624,15644,1141405,628795,1730576,0.974060156752,0.795301765946,1.20900045226
2020-06-28,0,6124,,,,,,,265,48,995,4010,631,15433,1141671,628843,1731571,0.99906964859,0.811884406089,1.24842930387
2020-06-29,2,6126,,,,,,,272,49,1016,3978,640,15277,1141942,628892,1732586,1.0243200652,0.831331555395,1.28944085826
2020-06-30,6,6132,,,,,,,279,51,1043,3963,652,15180,1142222,628943,1733628,1.04952528485,0.855171473126,1.32603656315
2020-07-01,2,6134,,,,,,,288,52,1065,3966,666,15135,1142509,628996,1734693,1.07440365576,0.876007653626,1.35442691858
2020-07-02,3,6137,,,,,,,298,54,1095,3987,681,15148,1142807,629051,1735787,1.09868357164,0.898266988221,1.37824389789
2020-07-03,2,6139,,,,,,,309,56,1123,4025,699,15219,1143116,629107,1736910,1.1221094626,0.921484213353,1.39793627339
2020-07-04,6,6145,,,,,,,322,58,1151,4082,718,15336,1143438,629166,1738060,1.14444898399,0.937735543529,1.41402337482
2020-07-05,1,6146,,,,,,,336,61,1189,4158,739,15510,1143773,629227,1739248,1.16550170649,0.953352347783,1.42797974441
2020-07-06,1,6147,,,,,,,351,64,1225,4252,763,15737,1144124,629292,1740472,1.1851084741,0.966693831484,1.44084136721
2020-07-07,4,6151,,,,,,,368,68,1252,4365,789,16004,1144492,629360,1741724,1.20315937741,0.986307875421,1.451548813
2020-07-08,3,6154,,,,,,,386,73,1279,4498,820,16312,1144878,629433,1743002,1.21959793568,1.00471330716,1.4615569653
2020-07-09,2,6156,,,,,,,406,78,1328,4650,856,16674,1145284,629512,1744330,1.23441999056,1.01879866168,1.46895576736
2020-07-10,-1,6155,,,,,,,427,85,1358,4823,896,17065,1145711,629597,1745687,1.24766746093,1.02836495017,1.47485384232
2020-07-11,1,6156,,,,,,,450,91,1399,5015,942,17490,1146160,629689,1747085,1.25941854366,1.04212400635,1.47836516782
2020-07-12,0,6156,,,,,,,474,99,1436,5229,993,17945,1146634,629788,1748520,1.26977654126,1.04998724303,1.48090001337
2020-07-13,0,6156,,,,,,,501,107,1468,5464,1052,18418,1147135,629895,1749988,1.27885924342,1.05701303663,1.48329265588
2020-07-14,-2,6154,,,,,,,529,113,1543,5721,1117,18945,1147664,630009,1751530,1.28679007617,1.06326141144,1.48609074437
2020-07-15,1,6155,,,,,,,559,123,1600,6001,1189,19502,1148223,630133,1753129,1.29369148126,1.06879539466,1.48959890315
2020-07-16,1,6156,,,,,,,591,133,1668,6305,1270,20105,1148814,630266,1754797,1.29968044501,1.073678667,1.49248835328
2020-07-17,1,6157,,,,,,,626,140,1742,6632,1356,20751,1149439,630407,1756538,1.30486581101,1.07780156234,1.49489354622
2020-07-18,-2,6155,,,,,,,662,145,1827,6986,1445,21456,1150102,630553,1758365,1.30934692887,1.08140973207,1.49577489416
2020-07-19,0,6155,,,,,,,702,150,1914,7366,1536,22219,1150804,630703,1760278,1.31327161628,1.08459793862,1.49665930058
2020-07-20,0,6155,,,,,,,743,155,2010,7774,1631,23040,1151547,630858,1762288,1.31652807325,1.08734523183,1.49687304973
2020-07-21,0,6155,,,,,,,788,162,2122,8211,1729,23938,1152335,631021,1764409,1.31931887221,1.08973118913,1.49743478085
2020-07-22,3,6158,,,,,,,836,170,2284,8679,1831,24970,1153171,631192,1766693,1.32170125643,1.09179131942,1.49708985186
2020-07-23,0,6158,,,,,,,886,178,2474,9179,1936,26164,1154057,631370,1769166,1.32372440684,1.09358551809,1.49880745762
2020-07-24,0,6158,,,,,,,941,188,2685,9714,2046,27521,1154998,631558,1771850,1.32546850474,1.09514112611,1.49928711479
2020-07-25,1,6159,,,,,,,998,199,2913,10286,2160,29076,1155996,631758,1774762,1.32682256688,1.09677454937,1.49982133742
2020-07-26,19,6178,,,,,,,1060,210,3158,10896,2279,30836,1157056,631968,1777920,1.32791974661,1.0974847843,1.50080675737
2020-07-27,-18,6160,,,,,,,1125,223,3423,11546,2403,32823,1158181,632192,1781343,1.32877730726,1.09862229559,1.50040966
2020-07-28,4,6164,,,,,,,1195,237,3690,12240,2533,35045,1159375,632429,1785032,1.32940606876,1.09919525452,1.5000800836
2020-07-29,2,6166,,,,,,,1269,247,3968,12980,2666,37470,1160644,632676,1789000,1.32984659786,1.1000057217,1.50001214165
2020-07-30,0,6166,,,,,,,1347,258,4191,13768,2801,40062,1161991,632935,1793191,1.32995819056,1.10069009806,1.50077665945
2020-07-31,0,6166,,,,,,,1431,267,4348,14608,2935,42742,1163422,633202,1797538,1.32983216475,1.10123477709,1.50158447133
2020-08-01,1,6167,,,,,,,1519,276,4511,15501,3072,45511,1164941,633479,1802048,1.32944872971,1.1019849081,1.50240553754
2020-08-02,2,6169,,,,,,,1613,284,4681,16452,3210,48364,1166554,633763,1806728,1.32878156234,1.10235294208,1.50264959698
2020-08-03,0,6169,,,,,,,1712,292,4857,17462,3352,51308,1168266,634056,1811585,1.32779852391,1.10274186016,1.50310194758
2020-08-04,1,6170,,,,,,,1817,300,5041,18536,3497,54338,1170083,634356,1816626,1.32656959474,1.10214134523,1.50381300881
2020-08-05,3,6173,,,,,,,1927,308,5281,19674,3643,57497,1172009,634665,1821906,1.32478941355,1.10220945152,1.50383088374
2020-08-06,0,6173,,,,,,,2042,317,5624,20880,3790,60838,1174051,634982,1827530,1.32258335272,1.10151474732,1.50418729102
2020-08-07,1,6174,,,,,,,2163,325,6006,22156,3937,64370,1176214,635308,1833536,1.31992008645,1.10125665064,1.50480783388
2020-08-08,4,6178,,,,,,,2288,334,6397,23504,4083,68082,1178502,635642,1839932,1.31677951138,1.10017734463,1.50503588333
2020-08-09,0,6178,,,,,,,2420,343,6790,24926,4227,71960,1180922,635986,1846722,1.31326611297,1.09933489043,1.50519248935
2020-08-10,0,6178,,,,,,,2555,352,7150,26421,4369,75951,1183477,636338,1853871,1.30912956593,1.09926133827,1.50562749968
2020-08-11,-16,6162,,,,,,,2696,361,7511,27992,4508,80038,1186173,636700,1861381,1.30455889604,1.09920248978,1.50555237359
2020-08-12,20,6182,,,,,,,2841,371,8038,29639,4642,84387,1189014,637071,1869418,1.29960246049,1.09916192644,1.50558680449
2020-08-13,5,6187,,,,,,,2991,381,8372,31361,4775,88791,1192005,637452,1877790,1.29432183189,1.0972230881,1.50557000384
2020-08-14,2,6189,,,,,,,3145,391,8641,33159,4908,93241,1195150,637843,1886431,1.28890119297,1.08934033044,1.50624698256
2020-08-15,2,6191,,,,,,,3304,401,9283,35033,5041,98175,1198454,638244,1895713,1.283118464,1.0807046147,1.50598117352
2020-08-16,3,6194,,,,,,,3468,411,9670,36981,5176,103334,1201922,638656,1905382,1.2772369823,1.07746833329,1.50568055642
2020-08-17,0,6194,,,,,,,3637,421,9878,39005,5314,108532,1205559,639078,1915260,1.27133348036,1.07475030651,1.50520392755
2020-08-18,3,6197,,,,,,,3811,432,9999,41103,5454,113674,1209369,639511,1925259,1.26548305433,1.06973298286,1.5048149128
2020-08-19,7,6204,,,,,,,3991,443,10079,43277,5597,118712,1213360,639954,1935337,1.2597909373,1.06515971669,1.50445058558
2020-08-20,11,6215,,,,,,,4177,455,10366,45528,5744,123797,1217537,640409,1945703,1.2542896624,1.05634916239,1.50385784857
2020-08-21,4,6219,,,,,,,4371,466,10808,47857,5893,128981,1221908,640876,1956511,1.24904239005,1.04978976754,1.50324525762
2020-08-22,6,6225,,,,,,,4572,478,11219,50267,6046,134194,1226481,641354,1967729,1.24410114904,1.04614347186,1.50254931434
2020-08-23,0,6225,,,,,,,4783,490,11730,52761,6201,139528,1231263,641844,1979459,1.23950828493,1.04154457351,1.50174284024
2020-08-24,2,6227,,,,,,,5004,502,12215,55345,6360,144953,1236267,642346,1991674,1.2355798429,1.03250274047,1.49900093847
2020-08-25,6,6233,,,,,,,5236,514,12967,58025,6522,150770,1241503,642861,2004640,1.23201857707,1.0214158606,1.49819359716
2020-08-26,8,6241,,,,,,,5479,525,13602,60808,6686,156862,1246982,643386,2018242,1.22880226179,1.01283125408,1.49980189255
2020-08-27,3,6244,,,,,,,5735,535,14490,63702,6851,163314,1252716,643922,2032732,1.22590021801,1.01068746306,1.50063696586
2020-08-28,3,6247,,,,,,,6004,550,15279,66715,7020,170221,1258720,644473,2048011,1.2232716704,1.00397785971,1.50124461265
2020-08-29,5,6252,,,,,,,6288,565,16595,69858,7194,178175,1265009,645038,2064605,1.2208701832,1.00731407606,1.50185670504
2020-08-30,0,6252,,,,,,,6588,579,17785,73142,7373,186677,1271596,645617,2082390,1.21863930122,1.0051821638,1.50054236998
2020-08-31,0,6252,,,,,,,6903,594,19017,76577,7556,196025,1278499,646212,2101406,1.2165217305,1.00205588856,1.50110247958
2020-09-01,8,6260,,,,,,,7234,609,20413,80174,7743,206559,1285733,646821,2121818,1.21446364048,1.00136356249,1.50020073111
2020-09-02,7,6267,,,,,,,7583,625,21940,83946,7936,218500,1293316,647447,2143758,1.21241294069,1.00056848274,1.49818930465
2020-09-03,1,6268,,,,,,,7949,641,23616,87904,8134,232036,1301264,648088,2167373,1.2103172057,0.999360399966,1.49307908893
2020-09-04,2,6270,,,,,,,8332,658,25313,92059,8337,246983,1309596,648747,2192686,1.20812190968,0.998429562693,1.49114712548
2020-09-05,5,6275,,,,,,,8733,677,26979,96421,8548,263154,1318329,649425,2219664,1.2057742012,0.996434179446,1.48884902979
2020-09-06,2,6277,,,,,,,9151,697,28987,100999,8768,280923,1327480,650122,2248651,1.20322736876,0.994855524728,1.48655481229
2020-09-07,1,6278,,,,,,,9585,713,31239,105802,8991,300431,1337065,650836,2279890,1.20044288277,0.990725348857,1.48106405256
2020-09-08,1,6279,,,,,,,10036,720,33556,110834,9209,321772,1347101,651556,2313446,1.19739134795,0.987723317435,1.47621144776
2020-09-09,2,6281,,,,,,,10502,728,35832,116100,9423,344638,1357603,652284,2349277,1.19405284836,0.985173032815,1.46859893616
2020-09-10,4,6285,,,,,,,10981,735,38106,121603,9633,369141,1368584,653020,2387383,1.19041765252,0.981063590907,1.46145468924
2020-09-11,5,6290,,,,,,,11474,743,40354,127342,9841,395005,1380058,653763,2427737,1.186486644,0.979034727202,1.45380371781
2020-09-12,1,6291,,,,,,,11977,751,42381,133315,10041,422107,1392035,654514,2470118,1.18227092263,0.977012895683,1.44590054563
2020-09-13,1,6292,,,,,,,12491,759,44475,139517,10236,449987,1404526,655274,2514592,1.17779082586,0.974992578608,1.43668557645
2020-09-14,4,6296,,,,,,,13011,768,46873,145941,10425,479075,1417537,656043,2561464,1.17307463025,0.972969734752,1.42639364744
2020-09-15,4,6300,,,,,,,13538,777,49374,152577,10607,509431,1431075,656820,2610837,1.1681572321,0.970940693776,1.41532542547
2020-09-16,3,6303,,,,,,,14069,789,51257,159412,10788,540276,1445145,657610,2662093,1.1630832068,0.968902665518,1.40332993504
2020-09-17,7,6310,,,,,,,14603,812,53386,166432,10974,571722,1459747,658422,2715479,1.15789939134,0.966854185963,1.39017347724
2020-09-18,8,6318,,,,,,,15137,826,57048,173620,11159,605154,1474884,659248,2772527,1.15265761907,0.962389463294,1.37617818808
2020-09-19,2,6320,,,,,,,15670,839,60561,180958,11341,640402,1490554,660088,2833087,1.14747127165,0.960779839735,1.36121926223
2020-09-20,4,6324,,,,,,,16202,845,62931,188427,11509,676354,1506756,660934,2896017,1.14233862811,0.95734606008,1.34548352436
2020-09-21,3,6327,,,,,,,16730,853,65747,196007,11665,713113,1523486,661787,2961764,1.1373127892,0.955633608528,1.33066308807
2020-09-22,11,6338,,,,,,,17255,860,68168,203676,11812,750042,1540741,662648,3029932,1.13241200996,0.953259913513,1.31669502273
2020-09-23,6,6344,,,,,,,17774,865,70592,211415,11958,787078,1558515,663514,3100524,1.12769189008,0.950267625793,1.30246676274
2020-09-24,17,6361,,,,,,,18289,866,72993,219202,12095,824239,1576805,664380,3173516,1.12317501904,0.948374530903,1.29712931572
2020-09-25,16,6377,,,,,,,18799,866,74809,227019,12226,860942,1595603,665246,3248324,1.11891403414,0.945833486601,1.2892451944
2020-09-26,38,6415,,,,,,,19304,871,76719,234849,12354,897306,1614907,666118,3325042,1.11491602457,0.945791418311,1.28936783649
2020-09-27,0,6415,,,,,,,19804,897,80231,242676,12500,935156,1634711,667015,3405273,1.11120031804,0.945580078052,1.28775530691
2020-09-28,,,12.9759886788,1,38,6427.97598868,6416,6453,20301,888,82861,250486,12629,973542,1655012,667904,3488134,1.10778705484,0.945251582475,1.28441263916
2020-09-29,,,13.6025486753,1,40,6441.57853735,6417,6492,20796,889,85102,258271,12750,1011772,1675808,668793,3573235,1.10465997744,0.943912940125,1.27989954897
2020-09-30,,,14.2558034809,1,43,6455.83434083,6418,6535,21288,902,87321,266021,12876,1049719,1697096,669696,3660556,1.10179800935,0.94405788133,1.27551114913
2020-10-01,,,14.9357264096,1,46,6470.77006724,6419,6580,21780,916,89874,273731,13003,1088337,1718876,670613,3750429,1.09919384113,0.943081010364,1.26982594538
2020-10-02,,,15.6420751254,1,49,6486.41214237,6420,6629,22271,919,92560,281400,13110,1127511,1741147,671532,3842989,1.09684228811,0.943127652532,1.27243360965
2020-10-03,,,16.3743849096,1,53,6502.78652728,6422,6681,22765,922,94898,289028,13206,1165360,1763912,672455,3937886,1.09473505614,0.941867618899,1.27361123135
2020-10-04,,,17.1319663181,1,56,6519.9184936,6423,6737,23261,925,97221,296618,13292,1202020,1787172,673380,4035107,1.09286185307,0.93994729522,1.27664795041
2020-10-05,,,17.9139147055,1,60,6537.8324083,6424,6797,23760,927,99228,304176,13374,1238317,1810933,674308,4134334,1.09121701889,0.938567651358,1.27886260554
2020-10-06,,,18.7191260326,1,63,6556.55153434,6426,6859,24265,929,101397,311711,13450,1273966,1835198,675238,4235730,1.08976440687,0.935220018383,1.28176038033
2020-10-07,,,19.5463190482,1,67,6576.09785338,6427,6926,24776,932,102993,319232,13521,1308791,1859974,676170,4338723,1.08847271787,0.932923724899,1.28594943477
2020-10-08,,,20.3940590942,1,71,6596.49191248,6428,6996,25293,936,105392,326751,13592,1343592,1885267,677107,4444115,1.0873238711,0.928703788708,1.29011750665
2020-10-09,,,21.2607850543,1,74,6617.75269753,6430,7070,25819,934,108550,334282,13661,1379149,1911086,678041,4552664,1.08630351831,0.924704918853,1.28874318638
2020-10-10,,,22.1448387255,1,79,6639.89753626,6431,7148,26354,932,111650,341837,13727,1415991,1937440,678974,4664314,1.08539411953,0.921001123713,1.29078127642
2020-10-11,,,23.0445032929,1,83,6662.94203955,6432,7230,26899,930,114958,349432,13785,1454230,1964339,679904,4779272,1.08458124444,0.917727524334,1.2927601028
2020-10-12,,,23.9383068068,1,86,6686.88034636,6434,7315,27454,927,117675,357082,13816,1491673,1991793,680832,4896946,1.08385158887,0.91477929624,1.29466411252
2020-10-13,,,24.8427859352,1,90,6711.72313229,6435,7405,28021,925,120356,364801,13853,1529168,2019814,681757,5017301,1.08319529164,0.912194990554,1.29647806763
2020-10-14,,,25.7562759329,1,96,6737.47940823,6437,7500,28601,922,123248,372606,13886,1567315,2048414,682679,5140549,1.08260240241,0.909896341043,1.29945205341
2020-10-15,,,26.6772179946,1,100,6764.15662622,6438,7600,29193,919,126439,380511,13903,1606432,2077607,683599,5266988,1.08206064666,0.907838259275,1.30394860831
2020-10-16,,,27.6041918096,1,104,6791.76081803,6440,7703,29800,917,128425,388531,13903,1644983,2107407,684516,5395412,1.08156176164,0.906008103287,1.30839870246
2020-10-17,,,28.5359397884,1,109,6820.29675782,6441,7811,30421,915,130416,396680,13898,1682839,2137828,685431,5525828,1.0810910217,0.904377709665,1.31279524568
2020-10-18,,,29.4713875054,1,112,6849.76814532,6443,7923,31056,922,132489,404972,13898,1720430,2168884,686354,5658316,1.08063661072,0.902922541064,1.31523496263
2020-10-19,,,30.4096541308,1,116,6880.17779945,6445,8039,31707,929,134720,413418,13902,1757929,2200591,687283,5793035,1.0801998676,0.901618462594,1.31662095499
2020-10-20,,,31.3500633954,1,121,6911.52786285,6446,8159,32374,936,137044,422032,13911,1795746,2232965,688220,5930079,1.07978209449,0.9004506487,1.31780405369
2020-10-21,,,32.2921548675,1,124,6943.82001772,6448,8283,33058,929,139314,430825,13911,1833663,2266022,689149,6069392,1.07936425114,0.899400254555,1.31876587888
2020-10-22,,,33.2356778438,1,130,6977.05569556,6449,8413,33758,927,141522,439806,13906,1872191,2299780,690076,6210913,1.07894195876,0.898470399508,1.31948723203
2020-10-23,,,34.1805874294,1,135,7011.23628299,6451,8548,34475,925,143658,448988,13895,1910457,2334255,691002,6354571,1.07850671298,0.897480144334,1.32089284444
2020-10-24,,,35.1270237173,1,140,7046.36330671,6453,8687,35209,923,145716,458377,13883,1947623,2369463,691925,6500287,1.07803912608,0.896691736283,1.32383536622
2020-10-25,,,36.0753029429,1,145,7082.43860965,6454,8831,35960,921,147687,467984,13872,1983659,2405424,692847,6647973,1.07755057477,0.895936922501,1.32696315306
2020-10-26,,,37.0259038105,1,149,7119.46451346,6456,8980,36730,919,152785,477815,13861,2021486,2442153,693766,6800757,1.07704091786,0.895266399318,1.33035232599
2020-10-27,,,37.9794500931,1,154,7157.44396355,6458,9133,37516,923,161266,487876,13857,2065077,2479669,694689,6962022,1.07650064791,0.894629078592,1.33372123633
2020-10-28,,,38.9366922103,1,159,7196.38065576,6459,9291,38320,920,164994,498175,13853,2109715,2517989,695610,7127016,1.07593034913,0.894004873177,1.3369938338
2020-10-29,,,39.8984820546,1,163,7236.27913782,6461,9454,39141,918,171255,508716,13849,2157721,2557130,696529,7298270,1.07532754179,0.892708699314,1.34016185036
2020-10-30,,,40.8657625421,1,167,7277.14490036,6463,9621,39981,919,174942,519503,13849,2206225,2597111,697449,7473212,1.07468815684,0.891943972045,1.34115199289
2020-10-31,,,41.8395570847,1,171,7318.98445745,6464,9792,40837,902,181019,530541,13835,2258819,2637948,698351,7654231,1.07400849493,0.89128424906,1.3427536451
2020-11-01,,,42.8209571582,1,176,7361.8054146,6466,9967,41711,890,187241,541831,13810,2315644,2679659,699241,7841471,1.07328898442,0.89125557582,1.3466283628
