date,actual_deaths,total_deaths,predicted_deaths_mean,predicted_deaths_lower,predicted_deaths_upper,predicted_total_deaths_mean,predicted_total_deaths_lower,predicted_total_deaths_upper,predicted_new_infected_mean,predicted_new_infected_lower,predicted_new_infected_upper,predicted_current_infected_mean,predicted_current_infected_lower,predicted_current_infected_upper,predicted_total_infected_mean,predicted_total_infected_lower,predicted_total_infected_upper,r_values_mean,r_values_lower,r_values_upper
2020-01-26,,,,,,,,,281,144,396,281,144,396,281,144,396,2.65090860763,2.2,3
2020-01-27,,,,,,,,,281,144,396,562,289,791,562,289,791,2.6487402232,2.1986173611,2.99968995758
2020-01-28,,,,,,,,,281,144,396,843,434,1186,843,434,1186,2.64819235189,2.19831135125,2.99957509274
2020-01-29,,,,,,,,,281,144,396,1125,579,1581,1125,579,1581,2.64750393657,2.19788313437,2.99941768183
2020-01-30,,,,,,,,,281,144,396,1406,724,1976,1406,724,1976,2.64663842545,2.19735283322,2.9992019751
2020-01-31,,,,,,,,,281,144,396,1687,869,2371,1687,869,2371,2.64554968439,2.19670291565,2.99890640121
2020-02-01,,,,,,,,,281,144,396,1968,1014,2766,1968,1014,2766,2.64417950292,2.19597778887,2.9985014232
2020-02-02,,,,,,,,,281,144,396,2249,1159,3161,2249,1159,3161,2.64245447973,2.19506216399,2.99794661178
2020-02-03,,,,,,,,,281,144,396,2530,1304,3556,2530,1304,3556,2.64028215622,2.19367023059,2.99718665622
2020-02-04,,,,,,,,,1019,536,1534,3549,1840,5090,3549,1840,5090,2.63748474285,2.19179292924,2.99607974475
2020-02-05,,,,,,,,,1015,534,1527,4564,2375,6617,4564,2375,6617,2.63403176456,2.18952719309,2.99464674345
2020-02-06,,,,,,,,,1108,587,1681,5672,2962,8297,5672,2962,8297,2.62966654859,2.18657619161,2.99266407054
2020-02-07,,,,,,,,,1297,679,1991,6968,3641,10288,6968,3641,10288,2.6241823165,2.18281378946,2.98996480699
2020-02-08,,,,,,,,,1689,881,2640,8657,4523,12927,8657,4523,12927,2.6172949424,2.17791626348,2.98623730056
2020-02-09,,,,,,,,,2308,1198,3669,10965,5721,16596,10965,5721,16596,2.60865589953,2.17300307675,2.98180615213
2020-02-10,,,,,,,,,2827,1456,4527,13511,7033,20727,13793,7178,21122,2.5978387149,2.16679790563,2.9752667627
2020-02-11,,,,,,,,,3354,1717,5569,16584,8606,25901,17147,8895,26691,2.58433179817,2.15641535383,2.96639476356
2020-02-12,,,,,,,,,4050,2058,6773,20354,10519,32278,21197,10954,33463,2.56754117063,2.14410120913,2.95440163215
2020-02-13,,,,,,,,,4958,2527,8325,25030,12902,40207,26155,13482,41787,2.54677774259,2.13186712996,2.93824676159
2020-02-14,,,,,,,,,6124,3133,10314,30873,15890,50126,32278,16615,52101,2.52126501452,2.11691275623,2.91781565088
2020-02-15,,,,,,,,,7422,3771,12584,38013,19516,62314,39700,20386,64685,2.4901661918,2.08274004708,2.89345591656
2020-02-16,,,,,,,,,8867,4426,15092,46599,23798,77011,48567,24812,79777,2.45262709769,2.05050251743,2.8623347537
2020-02-17,,,,,,,,,10541,5180,18000,56859,28833,94616,59108,29993,97776,2.4078454351,2.01210457389,2.82288642792
2020-02-18,,,,,,,,,12493,6048,21407,69071,34737,115627,71602,36041,119183,2.35515188106,1.95355413564,2.77337120133
2020-02-19,2,2,,,,,,,14726,7059,25223,82779,41261,139315,86328,43101,144405,2.29410573752,1.88906451272,2.71197232225
2020-02-20,0,2,,,,,,,17169,8098,29224,98933,48825,167012,103497,51200,173628,2.22459219259,1.79866288415,2.65697817862
2020-02-21,2,4,,,,,,,19770,8907,33125,117596,57145,198456,123268,60108,206753,2.14690212249,1.69696531295,2.58843161651
2020-02-22,1,5,,,,,,,22507,9606,39119,138807,66073,235583,145775,69715,245871,2.06178025987,1.59724209766,2.51165956505
2020-02-23,3,8,,,,,,,25340,10505,44081,162458,75697,277024,171115,80220,289951,1.97043010783,1.49680504279,2.39536856782
2020-02-24,4,12,,,,,,,28196,11307,49916,188346,85806,323271,199311,91528,339866,1.87447464966,1.40740146793,2.31353443067
2020-02-25,4,16,,,,,,,30970,12534,55407,216489,96884,374151,230281,104063,395273,1.77587481082,1.31975171256,2.20239597209
2020-02-26,3,19,,,,,,,33564,13236,60888,246699,108403,429470,263845,117299,456161,1.67680807267,1.23979859833,2.10302507077
2020-02-27,7,26,,,,,,,35904,14082,64461,278552,120426,487159,299749,131381,520621,1.57951492318,1.17615115607,2.00363229512
2020-02-28,8,34,,,,,,,37935,14622,70070,311530,132521,548904,337685,146003,590691,1.4861281354,1.1213910091,1.89880763176
2020-02-29,9,43,,,,,,,39619,15297,73816,345025,144686,612406,377303,161301,664506,1.39850817,1.08327229757,1.79673123671
2020-03-01,11,54,,,,,,,40929,15552,76984,378532,156467,676806,418232,176854,741490,1.31811005049,1.0343508556,1.69201938912
2020-03-02,12,66,,,,,,,41864,15743,79090,411530,167784,740803,460097,192597,820579,1.2459015002,1.00135621744,1.56673708897
2020-03-03,11,77,,,,,,,42446,15922,80896,443435,178526,803699,502543,208519,901475,1.18234207881,0.970722642751,1.47093913729
2020-03-04,15,92,,,,,,,42712,15998,80842,473653,188476,863135,545255,224518,982317,1.12742125148,0.944634550279,1.38940544815
2020-03-05,15,107,,,,,,,42704,16023,80860,501631,197440,918772,587959,240542,1063176,1.08074254754,0.917031446681,1.315284928
2020-03-06,17,124,,,,,,,42467,16054,80379,526929,205396,969927,630426,256596,1143554,1.04163352043,0.899390823868,1.25041428326
2020-03-07,21,145,,,,,,,42043,15990,79296,549201,212479,1016098,672469,272587,1222850,1.00925942878,0.88355389993,1.18769452754
2020-03-08,49,194,,,,,,,41470,15813,77295,568163,218686,1054274,713939,288401,1300145,0.982722889917,0.874062476158,1.13320864254
2020-03-09,43,237,,,,,,,40783,15611,75233,583606,223791,1085426,754721,304012,1375377,0.961139638478,0.862137357965,1.08667920964
2020-03-10,54,291,,,,,,,40011,15494,73409,595421,227978,1108919,794733,319506,1448785,0.943688345815,0.848978964158,1.05254109592
2020-03-11,63,354,,,,,,,39180,15369,71567,603631,230812,1125079,833912,334875,1520351,0.929637778911,0.834138292375,1.03220333617
2020-03-12,75,429,,,,,,,38307,15254,69643,608374,232831,1133834,872219,350130,1589994,0.918356908438,0.824143927928,1.01801739747
2020-03-13,85,514,,,,,,,37409,15135,67675,609880,233884,1137048,909629,365265,1657669,0.90931371036,0.815993610118,1.00760249416
2020-03-14,97,611,,,,,,,36498,14971,65744,608443,234233,1132723,946127,380237,1723413,0.902067411238,0.809090760098,1.00460248551
2020-03-15,113,724,,,,,,,35584,14676,63870,604408,233611,1122777,981711,394913,1787282,0.896257613568,0.803867895518,1.00037270231
2020-03-16,129,853,,,,,,,34673,14565,61874,598152,232625,1107667,1016384,409479,1849156,0.891592539743,0.800345133213,0.998433372315
2020-03-17,135,988,,,,,,,33771,14448,59870,590059,231329,1088447,1050155,423927,1909026,0.88783770815,0.79782193694,0.997729574496
2020-03-18,147,1135,,,,,,,32882,14304,58273,580495,229712,1065824,1083037,438231,1967299,0.884768921937,0.79603913248,0.997256665737
2020-03-19,149,1284,,,,,,,32006,13848,56280,569789,227561,1041262,1115043,452080,2023578,0.882240348271,0.794380279182,0.995778325241
2020-03-20,149,1433,,,,,,,31153,13331,54228,558238,224868,1014630,1146196,465411,2077805,0.88029851908,0.792484104029,0.995292929647
2020-03-21,123,1556,,,,,,,30327,13194,52368,546097,222009,986619,1176523,478605,2130173,0.87893064822,0.791509406469,0.994360153232
2020-03-22,129,1685,,,,,,,29530,13078,50700,533584,219096,958022,1206053,491684,2180872,0.878151044015,0.790107889881,0.994455967532
2020-03-23,127,1812,,,,,,,28749,12716,48984,520863,215999,929711,1234802,504400,2229855,0.877525286986,0.788839614678,0.994577571954
2020-03-24,122,1934,,,,,,,28000,12364,47609,508080,212753,902088,1262802,516765,2277464,0.877271041561,0.78819590359,0.994678575234
2020-03-25,143,2077,,,,,,,27275,12058,45981,495344,209317,874660,1290077,528824,2323445,0.877246624034,0.78778214307,0.994076655093
2020-03-26,157,2234,,,,,,,26582,11915,44401,482747,205864,847495,1316659,540740,2367846,0.877586406098,0.788411332111,0.99400642846
2020-03-27,144,2378,,,,,,,25915,11815,42925,470355,202425,820777,1342574,552555,2410771,0.878100594896,0.787415005181,0.993854878823
2020-03-28,139,2517,,,,,,,25274,11729,41632,458220,199020,794734,1367849,564285,2452402,0.878849373557,0.78697208838,0.993804581148
2020-03-29,123,2640,,,,,,,24660,11676,40202,446382,195725,769191,1392509,575962,2492603,0.879805509175,0.787526010638,0.994130581034
2020-03-30,117,2757,,,,,,,24072,11513,39516,434870,192562,744837,1416581,587475,2532119,0.880965203056,0.788233914104,0.994701292378
2020-03-31,141,2898,,,,,,,23512,11382,38794,423709,189378,721756,1440093,598857,2570912,0.882360397294,0.788915688429,0.995057618822
2020-04-01,138,3036,,,,,,,22979,11097,37987,412917,186027,699873,1463072,609954,2608898,0.884027905411,0.78905907463,0.995914919017
2020-04-02,124,3160,,,,,,,22474,10895,37211,402509,182618,678810,1485546,620850,2646108,0.886009938895,0.790638407221,0.996816483002
2020-04-03,134,3294,,,,,,,21998,10782,36756,392501,179552,659287,1507544,631633,2682864,0.888354590003,0.792917625452,0.998047333675
2020-04-04,158,3452,,,,,,,21551,10400,36263,382899,176622,641322,1529096,642034,2719126,0.891116167696,0.794791001272,0.999114506465
2020-04-05,151,3603,,,,,,,21135,10161,35699,373708,173589,624653,1550231,652195,2754825,0.89435525306,0.797021816853,1.00016381844
2020-04-06,136,3739,,,,,,,20751,9939,35156,364929,170450,609109,1570982,662134,2789980,0.898138300887,0.799664776232,1.00137324237
2020-04-07,133,3872,,,,,,,20400,9694,34829,356580,167428,594954,1591382,671829,2824809,0.902536539952,0.802782100593,1.00323446233
2020-04-08,121,3993,,,,,,,20085,9505,34301,348665,164568,581645,1611467,681334,2859109,0.907623908149,0.80644390658,1.00565703413
2020-04-09,117,4110,,,,,,,19806,9367,33677,341196,161878,569341,1631273,690702,2892785,0.913473774967,0.813207335056,1.01150019543
2020-04-10,122,4232,,,,,,,19566,9334,33459,334179,159296,558398,1650839,700036,2926244,0.920154341784,0.819390815254,1.0180196976
2020-04-11,125,4357,,,,,,,19367,9292,33013,327631,156773,548486,1670206,709329,2959256,0.927722886201,0.828790122546,1.0260722006
2020-04-12,117,4474,,,,,,,19211,9286,32718,321568,154329,539573,1689417,718615,2991974,0.936219405735,0.83992464249,1.03449250226
2020-04-13,111,4585,,,,,,,19100,9271,32794,316008,151925,532165,1708517,727887,3024768,0.945660597979,0.846217191765,1.04323070871
2020-04-14,98,4683,,,,,,,19036,9305,32945,310972,149717,525594,1727553,737192,3057712,0.956035266987,0.851799786848,1.05220510667
2020-04-15,94,4777,,,,,,,19021,9495,33115,306481,147830,519915,1746574,746688,3090827,0.967301976544,0.85930632282,1.06320424057
2020-04-16,92,4869,,,,,,,19055,9815,33527,302557,146549,515455,1765629,756504,3124353,0.97938910455,0.86763643974,1.07455138208
2020-04-17,89,4958,,,,,,,19142,9876,33740,299225,145530,511984,1784771,766380,3158092,0.992196729968,0.877874650209,1.09699504108
2020-04-18,73,5031,,,,,,,19280,10015,33737,296507,144763,508966,1804051,776396,3191829,1.00559947686,0.890293987734,1.12371125693
2020-04-19,87,5118,,,,,,,19472,10371,33918,294427,144733,506620,1823523,786767,3225746,1.01944973402,0.90512989181,1.14916013006
2020-04-20,91,5209,,,,,,,19717,10491,34002,293009,145064,504922,1843240,797259,3259747,1.03358123765,0.922538475937,1.17181921701
2020-04-21,88,5297,,,,,,,20016,10654,34180,292274,145779,503947,1863256,807914,3293927,1.04781331559,0.94185871028,1.19152691451
2020-04-22,94,5391,,,,,,,20367,10862,34739,292241,146947,503857,1883623,818776,3328665,1.06195597609,0.956653133713,1.20814313219
2020-04-23,90,5481,,,,,,,20772,11200,35659,292928,148642,505216,1904395,829977,3364324,1.07581583892,0.972606839265,1.222198465
2020-04-24,93,5574,,,,,,,21227,11439,36560,294349,150714,508099,1925622,841417,3400883,1.08920301397,0.992773217636,1.23378459831
2020-04-25,76,5650,,,,,,,21733,11775,37313,296516,153156,511952,1947355,853192,3438196,1.10193924458,1.00679849028,1.24321134976
2020-04-26,60,5710,,,,,,,22287,12189,38119,299436,156053,517058,1969642,865382,3476314,1.11386736257,1.01952915008,1.25079525967
2020-04-27,96,5806,,,,,,,22889,12556,38863,303114,159323,523202,1992530,877938,3515176,1.12486113704,1.03275426656,1.25683629198
2020-04-28,71,5877,,,,,,,23536,13045,40050,307549,163096,530458,2016066,890984,3555225,1.13483353197,1.04374509356,1.26160472113
2020-04-29,80,5957,,,,,,,24228,13434,40957,312741,167226,538470,2040294,904419,3596182,1.14374113506,1.0530205377,1.26533549673
2020-04-30,71,6028,,,,,,,24963,13706,42147,318683,171437,547503,2065257,918125,3638329,1.1515834428,1.05880831209,1.26822755214
2020-05-01,63,6091,,,,,,,25741,14027,42775,325369,175648,556751,2090998,932152,3681104,1.15839726701,1.06073308822,1.27044587492
2020-05-02,65,6156,,,,,,,26562,14426,43492,332789,180198,566503,2117560,946579,3724595,1.16424786789,1.06626486796,1.27212581774
2020-05-03,47,6203,,,,,,,27426,14975,44154,340935,185159,576921,2144986,961555,3768749,1.16921893907,1.067698085,1.27337636593
2020-05-04,74,6277,,,,,,,28332,15471,44732,349795,190259,587735,2173318,977026,3813481,1.17340327184,1.06840265598,1.27447746896
2020-05-05,63,6340,,,,,,,29279,15925,46127,359357,195692,599860,2202597,992951,3859607,1.1768952185,1.0686956119,1.27515327897
2020-05-06,78,6418,,,,,,,30269,16402,47940,369611,201440,613620,2232866,1009354,3907547,1.17978536119,1.06833116625,1.27600453033
2020-05-07,68,6486,,,,,,,31301,16972,49328,380544,207550,628210,2264168,1026326,3956874,1.18215720432,1.06792616307,1.27664703373
2020-05-08,55,6541,,,,,,,32377,17815,51002,392150,214165,643552,2296545,1044142,4007875,1.18408549581,1.067530995,1.27737005021
2020-05-09,48,6589,,,,,,,33497,18480,52597,404419,221205,659590,2330041,1062622,4060472,1.18563572832,1.06707591339,1.27792327232
2020-05-10,51,6640,,,,,,,34661,19199,54315,417348,228629,676591,2364703,1081822,4114787,1.18688395823,1.06677120262,1.27825838189
2020-05-11,45,6685,,,,,,,35870,19808,55362,430931,236248,693835,2400572,1101630,4170148,1.18780232785,1.06623077511,1.27860818442
2020-05-12,48,6733,,,,,,,37125,20442,56429,445167,244133,711401,2437697,1122072,4226576,1.18848704239,1.06580304423,1.27878833986
2020-05-13,50,6783,,,,,,,38427,21101,58652,460058,252190,730003,2476124,1143174,4285228,1.18897005862,1.06563771059,1.27909379043
2020-05-14,71,6854,,,,,,,39777,21757,61327,475607,260512,750373,2515901,1164931,4346554,1.18927754416,1.06542284875,1.27914867181
2020-05-15,48,6902,,,,,,,41177,22446,64201,491821,269253,772426,2557078,1187378,4410755,1.18943250471,1.06523332699,1.27902678065
2020-05-16,35,6937,,,,,,,42625,23162,66190,508705,278387,795841,2599703,1210540,4476944,1.18938432917,1.06500565962,1.27836088919
2020-05-17,51,6988,,,,,,,44123,23904,69042,526265,287865,821390,2643825,1234444,4545985,1.18920725501,1.06475130511,1.27767215776
2020-05-18,69,7057,,,,,,,45673,24640,71634,544512,297529,848870,2689498,1259085,4617618,1.18890619152,1.06446039826,1.27675612873
2020-05-19,62,7119,,,,,,,47274,25401,73829,563454,307459,877967,2736772,1284486,4691447,1.18848222908,1.06417752563,1.27600800508
2020-05-20,64,7183,,,,,,,48928,26190,76349,583103,317724,908189,2785700,1310676,4767795,1.18792538057,1.06400382891,1.27473028989
2020-05-21,66,7249,,,,,,,50630,27040,79071,603464,328362,939320,2836330,1337716,4846866,1.18717013488,1.0637972066,1.27364845314
2020-05-22,51,7300,,,,,,,52384,27917,82271,624546,339307,972262,2888714,1365634,4929136,1.18626699941,1.06351609093,1.27237478083
2020-05-23,59,7359,,,,,,,54187,28823,85146,646356,350315,1006407,2942900,1394457,5014282,1.18519638029,1.06300099634,1.27116037418
2020-05-24,58,7417,,,,,,,56037,29833,88187,668896,361668,1041997,2998937,1424291,5102469,1.18393406667,1.06256354926,1.27011702027
2020-05-25,34,7451,,,,,,,57932,30836,90467,692166,373305,1078150,3056869,1455127,5192936,1.18245133338,1.06217544027,1.26870124537
2020-05-26,57,7508,,,,,,,59866,31818,92740,716163,385315,1115528,3116735,1486946,5285675,1.18073024613,1.06186224108,1.26638531106
2020-05-27,56,7564,,,,,,,61834,32776,94989,740872,397650,1154088,3178569,1519723,5380664,1.17866344563,1.06130812184,1.26407177632
2020-05-28,63,7627,,,,,,,63829,33763,97593,766275,410312,1193029,3242398,1553486,5478256,1.17627012549,1.06070115784,1.26189587002
2020-05-29,50,7677,,,,,,,65846,34905,100705,792343,423460,1232407,3308244,1588392,5578961,1.17351339502,1.06008637664,1.25958564981
2020-05-30,57,7734,,,,,,,67874,36048,104247,819040,437061,1272453,3376118,1624440,5683208,1.17036020558,1.05945855779,1.25704389492
2020-05-31,63,7797,,,,,,,69904,37230,107953,846319,451129,1314217,3446021,1661670,5791160,1.16679323219,1.0588166944,1.25401829609
2020-06-01,81,7878,,,,,,,71922,38437,111315,874118,465663,1356490,3517943,1700108,5902475,1.16274751028,1.05785285872,1.25072222617
2020-06-02,64,7942,,,,,,,73919,39680,114025,902364,480703,1398882,3591862,1739788,6016499,1.15825702989,1.05289059972,1.24552331831
2020-06-03,70,8012,,,,,,,75885,40777,115732,930975,496080,1440784,3667747,1780566,6132231,1.15332915161,1.05001220481,1.23894593405
2020-06-04,59,8071,,,,,,,77806,42421,117904,959853,512311,1482339,3745553,1822988,6250134,1.14798503777,1.04621853376,1.23179718987
2020-06-05,63,8134,,,,,,,79673,43820,120115,988896,529092,1523383,3825227,1866808,6370249,1.14226842804,1.04332321255,1.22343565882
2020-06-06,75,8209,,,,,,,81475,45431,122781,1017987,546606,1563894,3906701,1912240,6493029,1.13619512247,1.04011722064,1.21229030956
2020-06-07,72,8281,,,,,,,83203,46882,125278,1047004,564664,1604025,3989904,1959122,6618307,1.12985387555,1.03032073902,1.19940137465
2020-06-08,70,8351,,,,,,,84852,48053,124709,1075819,582884,1640547,4074756,2007175,6743016,1.12331990904,1.01598899051,1.18475528498
2020-06-09,74,8425,,,,,,,86418,49192,126301,1104305,601240,1676381,4161174,2056368,6869317,1.11667820193,1.00626514416,1.17128016514
2020-06-10,81,8506,,,,,,,87899,50685,127204,1132338,620107,1710846,4249073,2107053,6996520,1.11002018946,0.992003854497,1.16981685755
2020-06-11,78,8584,,,,,,,89296,51446,128245,1159801,638776,1744102,4338369,2158500,7124765,1.1034395575,0.981776944167,1.16726913361
2020-06-12,75,8659,,,,,,,90612,52467,129783,1186583,657480,1776292,4428982,2210967,7254547,1.09702700022,0.971860647463,1.16414746247
2020-06-13,71,8730,,,,,,,91852,54083,130610,1212590,676658,1806196,4520834,2265050,7385156,1.09086397828,0.965509213259,1.16302474359
2020-06-14,107,8837,,,,,,,93023,55739,131104,1237739,696349,1833053,4613857,2320790,7516260,1.08501612122,0.959565272326,1.16179398705
2020-06-15,113,8950,,,,,,,94132,56957,131384,1261968,716077,1856484,4707989,2377747,7647644,1.07952759778,0.952255370895,1.16035700199
2020-06-16,115,9065,,,,,,,95184,57909,131774,1285230,735549,1876943,4803173,2435657,7779417,1.07441789602,0.94621724663,1.15882998322
2020-06-17,120,9185,,,,,,,96187,59174,131718,1307498,755043,1894636,4899360,2494831,7911135,1.06968184953,0.943877753912,1.15715631557
2020-06-18,87,9272,,,,,,,97145,60277,132170,1328758,774542,1911074,4996505,2555109,8043304,1.06529274644,0.937836670555,1.15527476731
2020-06-19,120,9392,,,,,,,98060,60780,132435,1349012,792902,1925605,5094565,2615890,8175738,1.06120751577,0.933706047754,1.153504187
2020-06-20,115,9507,,,,,,,98936,61269,132383,1368274,810351,1937872,5193501,2677160,8308120,1.05737267579,0.930751037947,1.15208052539
2020-06-21,116,9623,,,,,,,99771,62765,134499,1386570,827685,1949590,5293272,2739925,8442618,1.05372991938,0.931464465177,1.15048272167
2020-06-22,119,9742,,,,,,,100565,63655,136774,1403933,844458,1961085,5393837,2803581,8579392,1.05022066321,0.926574796327,1.14844196046
2020-06-23,121,9863,,,,,,,101316,64031,138575,1420397,860436,1974951,5495152,2867612,8717966,1.04678934457,0.923412908178,1.1459183046
2020-06-24,133,9996,,,,,,,102020,64416,139285,1435999,875661,1987934,5597172,2932029,8857250,1.04338556756,0.918560174254,1.14309719674
2020-06-25,134,10130,,,,,,,102673,65176,140743,1450773,890152,2001473,5699846,2997205,8997992,1.03996535347,0.915702137475,1.14028202599
2020-06-26,109,10239,,,,,,,103271,65346,142255,1464747,904052,2015483,5803117,3062552,9140247,1.03649177663,0.914322763007,1.13704642982
2020-06-27,125,10364,,,,,,,103807,65468,143651,1477942,917053,2029351,5906924,3128021,9283898,1.03293522185,0.913138703237,1.13384656551
2020-06-28,144,10508,,,,,,,104277,65519,144861,1490367,928490,2043602,6011201,3193541,9428758,1.02927342694,0.910011313795,1.13109342277
2020-06-29,162,10670,,,,,,,104674,65419,145554,1502018,938170,2058052,6115875,3258960,9574312,1.02549140265,0.907876919319,1.12776432458
2020-06-30,147,10817,,,,,,,104994,65073,146573,1512880,946285,2073241,6220869,3324033,9720884,1.02158126454,0.906115408953,1.12420456126
2020-07-01,141,10958,,,,,,,105230,65280,147123,1522926,953656,2088589,6326099,3389313,9868006,1.01754197355,0.904663912859,1.12037260838
2020-07-02,148,11106,,,,,,,105378,64592,147922,1532117,959074,2104794,6431477,3453906,10015928,1.01337896276,0.903442456592,1.11618017963
2020-07-03,154,11260,,,,,,,105435,63871,148285,1540408,962668,2120909,6536913,3517777,10164213,1.0091036253,0.901595487373,1.11167141039
2020-07-04,148,11408,,,,,,,105398,63508,148669,1547746,965395,2137144,6642311,3581286,10312882,1.00473264816,0.900344287063,1.10623245716
2020-07-05,163,11571,,,,,,,105265,63500,148788,1554076,967626,2153549,6747576,3644786,10461669,1.00028719398,0.899220661748,1.10235202673
2020-07-06,160,11731,,,,,,,105036,62768,150003,1559341,967629,2169053,6852612,3707555,10611671,0.995791952092,0.898136956175,1.09744557192
2020-07-07,200,11931,,,,,,,104710,61487,151953,1563486,965461,2184233,6957323,3769042,10763624,0.991274096983,0.897088955665,1.09209614029
2020-07-08,153,12084,,,,,,,104291,60540,152351,1566461,961971,2198009,7061613,3829583,10915974,0.986762203708,0.896073314583,1.08545780713
2020-07-09,221,12305,,,,,,,103779,59112,153462,1568220,956666,2212186,7165392,3888695,11069435,0.982285173668,0.895087363919,1.08012482481
2020-07-10,142,12447,,,,,,,103179,58066,154319,1568726,949556,2225762,7268571,3946762,11223754,0.977871221928,0.894128960985,1.07408337149
2020-07-11,188,12635,,,,,,,102496,56912,155002,1567951,941122,2238509,7371068,4003675,11378756,0.973546969664,0.891805073521,1.06990932637
2020-07-12,194,12829,,,,,,,101735,56387,155572,1565878,932041,2250429,7472802,4060062,11534327,0.969336674958,0.886919435459,1.06405028018
2020-07-13,203,13032,,,,,,,100901,55744,155391,1562502,922266,2260960,7573703,4115807,11689717,0.965261623811,0.880907303539,1.05834047957
2020-07-14,179,13211,,,,,,,100001,55042,154403,1557828,911889,2269809,7673704,4170849,11844120,0.961339692372,0.874197221981,1.05229643499
2020-07-15,199,13410,,,,,,,99040,53878,154440,1551875,900694,2277677,7772744,4224728,11998560,0.957585081785,0.866738945137,1.04825494619
2020-07-16,198,13608,,,,,,,98027,52637,155069,1544672,888052,2285623,7870771,4277366,12153628,0.954008218999,0.860437597479,1.04180782008
2020-07-17,183,13791,,,,,,,96966,51781,155318,1536260,875241,2293018,7967737,4329147,12308945,0.950615810246,0.854068943347,1.0366660297
2020-07-18,188,13979,,,,,,,95864,50625,153356,1526689,861995,2298089,8063601,4379773,12462301,0.947411028352,0.848820818997,1.03566860545
2020-07-19,209,14188,,,,,,,94728,49998,152737,1516019,848485,2302157,8158329,4429771,12615038,0.944393810676,0.845169579724,1.03285925093
2020-07-20,217,14405,,,,,,,93563,49529,152243,1504316,834514,2305611,8251892,4479300,12767280,0.94156124119,0.840613177836,1.03033868594
2020-07-21,229,14634,,,,,,,92374,49060,151904,1491653,820805,2307512,8344266,4528360,12919183,0.93890798843,0.836782979039,1.02878097125
2020-07-22,219,14853,,,,,,,91165,47978,151725,1478108,807296,2307285,8435431,4576339,13070908,0.936426771038,0.83366278509,1.02510392765
2020-07-23,221,15074,,,,,,,89943,46928,151071,1463761,793684,2306005,8525374,4623268,13221979,0.934108824521,0.829130033044,1.02399476782
2020-07-24,215,15289,,,,,,,88709,46090,150134,1448691,780663,2302677,8614083,4669359,13372112,0.931944346499,0.826153747202,1.02243725581
2020-07-25,195,15484,,,,,,,87469,45264,149122,1432981,767861,2297480,8701552,4714623,13521234,0.929922902687,0.82365052445,1.02072335574
2020-07-26,216,15700,,,,,,,86225,44449,148292,1416710,755397,2290770,8787777,4759072,13669525,0.928033781438,0.821460487784,1.01954552291
2020-07-27,212,15912,,,,,,,84979,43645,149255,1399954,742654,2284453,8872757,4802717,13818780,0.926266290271,0.819497544286,1.01690757117
2020-07-28,235,16147,,,,,,,83735,42852,149077,1382789,729762,2278139,8956492,4845570,13967856,0.924609992763,0.817673762081,1.01430746916
2020-07-29,196,16343,,,,,,,82494,42420,147263,1365283,717141,2270999,9038986,4887991,14115118,0.923054888138,0.816305516184,1.01202871362
2020-07-30,226,16569,,,,,,,81259,41538,146969,1347501,704800,2263527,9120245,4929529,14262087,0.921591538734,0.815070291497,1.0096957569
2020-07-31,197,16766,,,,,,,80029,40668,146814,1329503,692831,2255273,9200274,4970198,14408900,0.920211152218,0.813786345154,1.00805396174
2020-08-01,216,16982,,,,,,,78808,39372,146606,1311345,680422,2246561,9279082,5009570,14555506,0.918905626152,0.812627168131,1.00646234775
2020-08-02,208,17190,,,,,,,77595,38474,145723,1293076,668272,2238928,9356677,5048045,14701229,0.917667562513,0.810841452718,1.00529817105
2020-08-03,215,17405,,,,,,,76393,37594,144920,1274740,655868,2231111,9433070,5085640,14846149,0.916490259236,0.809329468591,1.00439016279
2020-08-04,212,17617,,,,,,,75200,36731,144070,1256378,643070,2222938,9508270,5122371,14990218,0.915367685025,0.807965568548,1.00263215077
2020-08-05,185,17802,,,,,,,74019,35884,143172,1238024,629894,2214207,9582289,5158255,15133389,0.914294442703,0.806732911125,1.00107214652
2020-08-06,174,17976,,,,,,,72850,33662,142230,1219708,615578,2204711,9655139,5191917,15275618,0.913265725397,0.805616571329,0.999527679109
2020-08-07,156,18132,,,,,,,71693,32534,141691,1201458,601184,2195331,9726832,5224452,15417309,0.912277268907,0.804797017584,0.998257110666
2020-08-08,132,18264,,,,,,,70548,31447,141171,1183296,586541,2186368,9797380,5255900,15558480,0.911325302814,0.804073685936,0.997150732526
2020-08-09,163,18427,,,,,,,69415,29943,140632,1165243,571220,2177878,9866795,5285844,15699111,0.910406502174,0.803407669421,0.996045037609
2020-08-10,189,18616,,,,,,,68296,28503,139831,1147314,555275,2169416,9935091,5314347,15838941,0.909517941086,0.802792984078,0.994940272861
2020-08-11,184,18800,,,,,,,67189,27172,139030,1129523,538802,2159192,10002280,5341519,15977971,0.90865704896,0.802224366717,0.993836684715
2020-08-12,188,18988,,,,,,,66096,26536,138214,1111884,522485,2148329,10068376,5368056,16116184,0.907821569993,0.801697186419,0.99273451886
2020-08-13,174,19162,,,,,,,65015,25914,137960,1094404,505979,2139025,10133391,5393970,16254143,0.907009526083,0.801207365998,0.991634020004
2020-08-14,169,19331,,,,,,,63948,25278,137602,1077093,489720,2129658,10197338,5419249,16391744,0.906219183222,0.800751312611,0.99053543164
2020-08-15,161,19492,,,,,,,62893,24583,137201,1059957,473634,2120045,10260231,5443832,16528945,0.905449021314,0.800325856682,0.989438995825
2020-08-16,,,173.297411895,92,277,19665.2974119,19584,19769,61852,23905,136797,1043001,458167,2110235,10322083,5467737,16665741,,,
2020-08-17,,,171.843940925,91,279,19837.1413528,19676,20047,60824,23207,135862,1026230,442899,2100375,10382907,5490945,16801603,,,
2020-08-18,,,170.327147007,91,279,20007.4684998,19767,20326,59809,22517,134815,1009646,427822,2090270,10442716,5513463,16936418,,,
2020-08-19,,,168.753760094,90,279,20176.2222599,19857,20605,58806,21247,133565,993252,412339,2079765,10501522,5534710,17069982,,,
2020-08-20,,,167.130223922,88,278,20343.3524838,19946,20883,57817,20475,132284,977050,396930,2068877,10559339,5555186,17202266,,,
2020-08-21,,,165.462659817,86,278,20508.8151437,20033,21160,56841,19731,130973,961040,383000,2057620,10616180,5574917,17333238,,,
2020-08-22,,,163.756840739,85,277,20672.5719844,20119,21436,55877,18961,129634,945225,369427,2045564,10672057,5593879,17462872,,,
2020-08-23,,,162.018174588,84,277,20834.590159,20203,21712,54926,18156,128150,929602,356135,2032542,10726982,5612036,17591021,,,
2020-08-24,,,160.25169568,83,279,20994.8418547,20286,21991,54034,17427,126910,914221,343619,2018820,10781016,5629463,17717931,,,
2020-08-25,,,158.462063225,81,279,21153.3039179,20368,22270,53153,16731,127021,899078,331847,2006010,10834169,5646195,17844951,,,
2020-08-26,,,156.653565677,80,277,21309.9574836,20448,22546,52286,16153,125666,884175,320829,1992647,10886455,5662349,17970617,,,
2020-08-27,,,154.83012986,79,278,21464.7876134,20528,22823,51433,15478,124299,869513,309771,1978732,10937888,5677828,18094915,,,
2020-08-28,,,152.995333847,78,278,21617.7829473,20606,23101,50601,14832,122931,855099,298690,1963704,10988489,5692660,18217846,,,
2020-08-29,,,151.152422707,76,279,21768.93537,20683,23379,49792,14213,121577,840944,287625,1947679,11038282,5706874,18339423,,,
2020-08-30,,,148.900819179,75,277,21917.8361892,20758,23655,49004,13588,120228,827055,276630,1930706,11087286,5720463,18459651,,,
2020-08-31,,,146.65881543,72,276,22064.4950046,20831,23930,48233,12989,118877,813436,265715,1912787,11135519,5733453,18578528,,,
2020-09-01,,,144.428672754,71,274,22208.9236773,20903,24204,47479,12415,117526,800091,254923,1894451,11182999,5745869,18696053,,,
2020-09-02,,,142.212375117,69,272,22351.1360525,20972,24476,46742,11866,116176,787025,244272,1875811,11229741,5757735,18812228,,,
2020-09-03,,,140.01165279,67,271,22491.1477053,21040,24746,46024,11339,114831,774243,234364,1857077,11275765,5769075,18927059,,,
2020-09-04,,,137.82800523,66,270,22628.9757105,21106,25015,45324,10835,113493,761750,224724,1838286,11321089,5779910,19040551,,,
2020-09-05,,,135.662722983,62,269,22764.6384335,21169,25283,44641,10353,112160,749550,215346,1819473,11365730,5790264,19152711,,,
2020-09-06,,,133.516908459,60,268,22898.1553419,21229,25550,43975,9891,110704,737648,206275,1800542,11409705,5800155,19263414,,,
2020-09-07,,,131.391495459,58,266,23029.5468374,21287,25816,43326,9449,109092,726048,197568,1781485,11453030,5809604,19372506,,,
2020-09-08,,,129.287267398,55,265,23158.8341048,21342,26080,42693,9027,107464,714707,189168,1762039,11495723,5818631,19479969,,,
2020-09-09,,,127.205221002,52,263,23286.0393258,21395,26343,42077,8583,105819,703631,181019,1740837,11537800,5827215,19585788,,,
2020-09-10,,,125.146519775,50,263,23411.1858456,21445,26605,41477,8012,104161,692822,172878,1719332,11579277,5835228,19689949,,,
2020-09-11,,,123.112471511,49,262,23534.2983171,21494,26866,40894,7704,102491,682283,165104,1697525,11620171,5842932,19792439,,,
2020-09-12,,,121.10452619,47,261,23655.4028433,21542,27127,40327,7303,101141,672009,157575,1675735,11660499,5850236,19893580,,,
2020-09-13,,,119.123961089,46,260,23774.5268043,21589,27387,39776,7104,99963,661993,150466,1654120,11700275,5857340,19993543,,,
2020-09-14,,,117.171657873,45,259,23891.6984622,21635,27645,39241,6914,100265,652230,143791,1634157,11739516,5864254,20093807,,,
2020-09-15,,,115.248572992,44,257,24006.9470352,21679,27902,38722,6731,101325,642718,137532,1616605,11778238,5870986,20195132,,,
2020-09-16,,,113.355727267,42,255,24120.3027625,21722,28156,38219,6555,102440,633457,131672,1601519,11816456,5877541,20297572,,,
2020-09-17,,,111.494163303,40,253,24231.7969258,21763,28408,37731,6386,103613,624446,126192,1588956,11854187,5883928,20401184,,,
2020-09-18,,,109.664859052,39,250,24341.4617848,21802,28658,37259,5974,103202,615681,120827,1577327,11891446,5889903,20504385,,,
2020-09-19,,,107.868346464,38,248,24449.3301313,21840,28906,36802,5728,102883,607159,115720,1566717,11928248,5895631,20607268,,,
2020-09-20,,,106.105173927,36,246,24555.4353052,21877,29151,36358,5491,101885,598876,110858,1556442,11964606,5901122,20709153,,,
2020-09-21,,,104.375915014,35,243,24659.8112202,21912,29394,35928,5263,101095,590829,106231,1546834,12000534,5906386,20810247,,,
2020-09-22,,,102.681150977,33,241,24762.4923712,21946,29635,35513,5213,101322,583016,101995,1539064,12036047,5911600,20911569,,,
2020-09-23,,,101.021424916,32,239,24863.5137961,21978,29873,35112,4993,102096,575436,97961,1533696,12071159,5916593,21013664,,,
2020-09-24,,,99.3964999934,31,236,24962.9102961,22009,30109,34726,4741,102868,568084,94119,1530744,12105884,5921335,21116532,,,
2020-09-25,,,97.8062180158,29,234,25060.7165141,22039,30342,34352,4539,102888,560959,90646,1529471,12140237,5925874,21219420,,,
2020-09-26,,,96.2504840443,28,232,25156.9669982,22068,30573,33993,4371,102631,554058,87313,1529612,12174230,5930245,21322051,,,
2020-09-27,,,94.7292302986,27,229,25251.6962285,22095,30802,33647,4210,101960,547378,84220,1530430,12207876,5934456,21424010,,,
2020-09-28,,,93.2423448764,26,227,25344.9385734,22122,31028,33313,4056,101313,540915,81172,1531781,12241189,5938513,21525323,,,
2020-09-29,,,91.7895939742,25,225,25436.7281673,22147,31252,32991,3909,100692,534665,78167,1532208,12274180,5942422,21626015,,,
2020-09-30,,,90.3706955633,23,222,25527.0988629,22171,31474,32681,3756,100337,528624,75192,1531219,12306861,5946179,21726351,,,
2020-10-01,,,88.985376494,22,220,25616.0842394,22193,31693,32383,3608,100987,522788,72245,1529766,12339244,5949787,21827337,,,
2020-10-02,,,87.6333787825,21,217,25703.7176182,22215,31910,32095,3455,100408,517153,69314,1526562,12371339,5953242,21927745,,,
2020-10-03,,,86.3144586504,20,215,25790.0320768,22236,32124,31817,3383,101200,511710,66723,1524560,12403156,5956626,22028944,,,
2020-10-04,,,85.0283591422,19,212,25875.060436,22256,32336,31548,3313,102140,506457,64308,1523817,12434705,5959939,22131084,,,
2020-10-05,,,83.7748075919,19,209,25958.8352436,22275,32544,31291,3152,103116,501389,61969,1525048,12465995,5963091,22234200,,,
2020-10-06,,,82.5535183053,18,206,26041.3887619,22294,32749,31043,3017,104110,496505,59722,1528063,12497038,5966109,22338310,,,
2020-10-07,,,81.3641870724,17,203,26122.7529489,22311,32951,30804,2888,104775,491796,57397,1531515,12527842,5968997,22443084,,,
2020-10-08,,,80.2064944238,16,199,26202.9594434,22328,33150,30573,2765,105759,487256,55169,1535179,12558415,5971763,22548843,,,
2020-10-09,,,79.0801026173,15,196,26282.039546,22344,33345,30350,2648,106717,482881,53076,1539028,12588765,5974411,22655559,,,
2020-10-10,,,77.984667128,14,195,26360.0242131,22358,33540,30136,2535,107654,478664,51072,1543793,12618901,5976947,22763212,,,
2020-10-11,,,76.9198505959,14,193,26436.9440637,22372,33732,29930,2428,108536,474601,49129,1549698,12648831,5979375,22871748,,,
2020-10-12,,,75.8853230166,13,194,26512.8293867,22386,33926,29731,2326,109466,470685,47245,1557204,12678562,5981702,22981214,,,
2020-10-13,,,74.8807389338,13,196,26587.7101257,22399,34122,29540,2228,110300,466912,45417,1566191,12708102,5983930,23091513,,,
2020-10-14,,,73.9057358217,12,199,26661.6158615,22412,34320,29356,2135,111095,463277,43642,1576593,12737457,5986065,23202607,,,
2020-10-15,,,72.9599303072,12,202,26734.5757918,22424,34521,29177,2045,111686,459773,41932,1587943,12766635,5988111,23314293,,,
2020-10-16,,,72.0429249511,12,200,26806.6187167,22437,34720,29005,1976,111983,456395,40300,1598938,12795639,5990088,23426275,,,
2020-10-17,,,71.1543056246,11,198,26877.7730224,22449,34918,28837,1915,112269,453137,38761,1610799,12824476,5992003,23538543,,,
2020-10-18,,,70.2936223134,11,196,26948.0666447,22460,35114,28673,1856,112540,449993,37233,1622140,12853149,5993860,23651083,,,
2020-10-19,,,69.4603798404,10,195,27017.5270245,22470,35308,28514,1799,112797,446958,35719,1632796,12881663,5995659,23763880,,,
2020-10-20,,,68.6540535782,10,196,27086.1810781,22480,35503,28360,1744,113038,444028,34311,1642718,12910023,5997403,23876917,,,
2020-10-21,,,67.8741020215,10,197,27154.0551801,22490,35700,28211,1691,113264,441196,32985,1651871,12938235,5999095,23990181,,,
2020-10-22,,,67.119979598,9,199,27221.1751597,22500,35898,28064,1663,113475,438457,31760,1660571,12966299,6000758,24103655,,,
2020-10-23,,,66.391121099,9,199,27287.5662808,22509,36097,27920,1565,113669,435804,30560,1668481,12994219,6002323,24217323,,,
2020-10-24,,,65.6869428241,8,198,27353.2532236,22518,36294,27778,1473,113847,433232,29385,1675611,13021998,6003796,24331170,,,
2020-10-25,,,65.0068350711,8,197,27418.2600587,22526,36491,27640,1464,114007,430736,28314,1681965,13049637,6005261,24445176,,,
2020-10-26,,,64.3501614477,8,196,27482.6102202,22535,36686,27504,1411,114150,428311,27297,1687579,13077141,6006673,24559326,,,
2020-10-27,,,63.716258055,7,194,27546.3264782,22542,36879,27370,1360,114945,425950,26331,1693057,13104512,6008033,24674270,,,
2020-10-28,,,63.1044767139,7,193,27609.4309549,22550,37072,27239,1311,115271,423649,25415,1698028,13131750,6009345,24789541,,,
2020-10-29,,,62.5141830844,7,194,27671.945138,22557,37265,27109,1264,115562,421402,24544,1702496,13158859,6010610,24905103,,,
2020-10-30,,,61.9447440594,6,193,27733.8898821,22564,37457,26981,1219,115287,419205,23718,1706097,13185840,6011830,25020389,,,
2020-10-31,,,61.395508027,6,194,27795.2853901,22571,37651,26854,1176,115056,417054,22918,1709170,13212694,6013006,25135445,,,
2020-11-01,,,60.865810812,6,196,27856.1512009,22577,37846,26728,1122,115617,414945,22125,1712519,13239421,6014129,25251061,,,
