date,actual_deaths,total_deaths,predicted_deaths_mean,predicted_deaths_lower,predicted_deaths_upper,predicted_total_deaths_mean,predicted_total_deaths_lower,predicted_total_deaths_upper,predicted_new_infected_mean,predicted_new_infected_lower,predicted_new_infected_upper,predicted_current_infected_mean,predicted_current_infected_lower,predicted_current_infected_upper,predicted_total_infected_mean,predicted_total_infected_lower,predicted_total_infected_upper,r_values_mean,r_values_lower,r_values_upper
2020-02-13,,,,,,,,,173,94,267,173,94,267,173,94,267,1.64600217612,1.4,2.2
2020-02-14,,,,,,,,,173,94,267,346,188,534,346,188,534,1.64589715222,1.39990229331,2.19883505591
2020-02-15,,,,,,,,,173,94,267,519,282,801,519,282,801,1.64586700168,1.39987023485,2.19852765683
2020-02-16,,,,,,,,,173,94,267,692,376,1068,692,376,1068,1.64582806177,1.3998251178,2.1981387224
2020-02-17,,,,,,,,,173,94,267,865,470,1335,865,470,1335,1.64577772617,1.39977043509,2.1976480083
2020-02-18,,,,,,,,,173,94,267,1038,564,1602,1038,564,1602,1.64571260151,1.39969501809,2.19702819945
2020-02-19,,,,,,,,,173,94,267,1211,658,1869,1211,658,1869,1.64562826537,1.3996048824,2.1962455047
2020-02-20,,,,,,,,,173,94,267,1384,752,2136,1384,752,2136,1.64551894879,1.3994981339,2.19525739045
2020-02-21,,,,,,,,,173,94,267,1557,846,2403,1557,846,2403,1.64537711954,1.39936359001,2.1940103801
2020-02-22,,,,,,,,,453,257,689,2010,1103,3092,2010,1103,3092,1.64514080419,1.39913337624,2.19239703414
2020-02-23,,,,,,,,,451,256,686,2461,1359,3778,2461,1359,3778,1.64489488616,1.39891742878,2.1904042753
2020-02-24,,,,,,,,,472,267,717,2933,1627,4495,2933,1627,4495,1.64456621035,1.39862105808,2.18788326888
2020-02-25,,,,,,,,,516,292,783,3449,1919,5277,3449,1919,5277,1.64414351651,1.39827007929,2.18469381041
2020-02-26,,,,,,,,,607,342,924,4056,2261,6201,4056,2261,6201,1.64359707285,1.39783263821,2.18073094979
2020-02-27,,,,,,,,,749,419,1140,4805,2680,7340,4805,2680,7340,1.64288826034,1.39721735165,2.17576265043
2020-02-28,,,,,,,,,860,472,1323,5492,3059,8396,5665,3153,8663,1.64196590632,1.39645372723,2.16954229514
2020-02-29,,,,,,,,,955,515,1483,6274,3480,9611,6620,3668,10145,1.6407636447,1.39535691606,2.16177008564
2020-03-01,,,,,,,,,1067,569,1680,7167,3956,11023,7686,4238,11824,1.63919884344,1.39406787025,2.15208985003
2020-03-02,,,,,,,,,1201,637,1925,8195,4500,12681,8887,4876,13749,1.63716328697,1.39252762894,2.14007647628
2020-03-03,,,,,,,,,1369,722,2257,9391,5128,14670,10256,5598,16005,1.63451585527,1.39000728021,2.12523073756
2020-03-04,,,,,,,,,1547,812,2609,10764,5847,17011,11802,6411,18613,1.6310757441,1.38673123962,2.10698136934
2020-03-05,,,,,,,,,1730,896,2962,12321,6650,19705,13532,7308,21574,1.62661345422,1.382749994,2.08469342351
2020-03-06,,,,,,,,,1926,984,3354,14074,7541,22792,15458,8293,24928,1.62084348483,1.37836929971,2.05769110493
2020-03-07,,,,,,,,,2145,1071,3841,16046,8518,26365,17603,9364,28768,1.61341644017,1.37303760608,2.02529350738
2020-03-08,2,2,,,,,,,2389,1179,4328,17982,9441,30004,19992,10544,33096,1.60391612123,1.36488865342,1.98257393974
2020-03-09,0,2,,,,,,,2652,1281,4829,20183,10466,34147,22645,11826,37924,1.59186662329,1.35432739921,1.97025751714
2020-03-10,0,2,,,,,,,2928,1384,5401,22640,11583,38830,25573,13211,43325,1.57675519672,1.33745435255,1.94599412803
2020-03-11,0,2,,,,,,,3215,1487,6033,25339,12779,44081,28788,14699,49358,1.55807760097,1.31970175091,1.89319251196
2020-03-12,0,2,,,,,,,3511,1586,6651,28243,14024,49808,32299,16285,56008,1.53540834145,1.29983912738,1.83894205667
2020-03-13,0,2,,,,,,,3814,1690,7273,31308,15295,55941,36113,17976,63281,1.5084900225,1.27528729297,1.7859254232
2020-03-14,0,2,,,,,,,4116,1807,7857,34564,16630,62476,40229,19784,71138,1.47732212361,1.24893138004,1.76129298429
2020-03-15,1,3,,,,,,,4408,1923,8468,38018,18039,69461,44637,21707,79606,1.44221760464,1.21719623327,1.73279476446
2020-03-16,0,3,,,,,,,4683,2043,8906,41635,19512,76688,49321,23750,88511,1.40379930933,1.17446879762,1.69273106701
2020-03-17,2,5,,,,,,,4938,2148,9254,45372,21023,84017,54259,25899,97765,1.36293116621,1.1322583357,1.65902048911
2020-03-18,2,7,,,,,,,5167,2242,9700,49170,22543,91460,59426,28142,107464,1.32060903548,1.09495849386,1.61427115504
2020-03-19,2,9,,,,,,,5369,2322,10049,52992,24052,98900,64795,30464,117513,1.27785027307,1.05147206175,1.56957553119
2020-03-20,2,11,,,,,,,5540,2369,10403,56802,25525,106341,70334,32834,127915,1.23561179448,1.01335759388,1.51413700864
2020-03-21,2,13,,,,,,,5678,2415,10587,60554,26956,113574,76012,35249,138501,1.19474547454,0.982086828938,1.46902912922
2020-03-22,0,13,,,,,,,5785,2431,10765,64194,28316,120499,81797,37681,149266,1.15598222841,0.954024277661,1.41420908188
2020-03-23,5,18,,,,,,,5861,2444,10940,67666,29581,127111,87658,40126,160206,1.11992866427,0.931914164372,1.36867921814
2020-03-24,0,18,,,,,,,5909,2461,11065,70922,30762,133347,93567,42588,171271,1.08706196539,0.913594554638,1.31729276138
2020-03-25,5,23,,,,,,,5931,2476,10966,73925,31853,138912,99498,45064,182236,1.05771665999,0.897100456251,1.27241399205
2020-03-26,6,29,,,,,,,5931,2498,11030,76641,32863,143908,105429,47562,193265,1.03206722196,0.88380349609,1.21570993797
2020-03-27,6,35,,,,,,,5914,2515,10948,79044,33792,148205,111343,50078,204213,1.01011777493,0.874175915973,1.16275135729
2020-03-28,19,54,,,,,,,5882,2530,10908,81111,34632,151840,117224,52608,215120,0.991710147282,0.866787169256,1.12792742
2020-03-29,2,56,,,,,,,5838,2528,10903,82833,35352,154885,123062,55136,226023,0.976553908063,0.861195154891,1.09781707312
2020-03-30,7,63,,,,,,,5786,2491,10741,84211,35920,157158,128848,57628,236763,0.964271930319,0.857279153333,1.06975767761
2020-03-31,22,85,,,,,,,5728,2479,10608,85255,36357,158860,134576,60108,247371,0.954449308866,0.854444177613,1.05274143324
2020-04-01,2,87,,,,,,,5665,2462,10455,85982,36670,160062,140241,62570,257826,0.94667473267,0.852411063185,1.04063878829
2020-04-02,77,164,,,,,,,5599,2442,10311,86413,36870,160673,145839,65012,268136,0.940568852227,0.850708827952,1.02963511324
2020-04-03,6,170,,,,,,,5530,2415,10122,86575,36963,160746,151370,67428,278258,0.935799509151,0.849416595496,1.02193558821
2020-04-04,25,195,,,,,,,5461,2379,9939,86497,36973,160282,156831,69807,288196,0.932086694431,0.848742835684,1.0162939454
2020-04-05,26,221,,,,,,,5391,2340,9720,86209,36898,159415,162222,72148,297916,0.929200847252,0.848178062161,1.01187363782
2020-04-06,15,236,,,,,,,5321,2317,9510,85746,36783,158160,167543,74465,307426,0.926957582425,0.847557039885,1.00809175179
2020-04-07,47,283,,,,,,,5251,2285,9335,85136,36624,156554,172794,76751,316760,0.925211011236,0.847121665091,1.00525271155
2020-04-08,26,309,,,,,,,5182,2248,9207,84409,36411,154696,177976,78999,325967,0.923846966674,0.846608301645,1.0033444035
2020-04-09,45,354,,,,,,,5113,2204,9016,83592,36139,152746,183089,81204,334982,0.922776816316,0.846146820637,1.00191648287
2020-04-10,36,390,,,,,,,5045,2154,8896,82706,35796,150613,188135,83359,343878,0.921932144068,0.845726269309,1.00075238577
2020-04-11,48,438,,,,,,,4978,2125,8742,81770,35406,148407,193113,85484,352619,0.921260351317,0.845347102247,0.999743910579
2020-04-12,23,461,,,,,,,4912,2086,8645,80801,34962,146144,198025,87571,361264,0.920721111046,0.845091389922,0.99886520571
2020-04-13,38,499,,,,,,,4847,2049,8428,79811,34484,143669,202873,89621,369692,0.920283559816,0.844853266667,0.998407323604
2020-04-14,72,571,,,,,,,4783,2034,8329,78808,34027,141257,207656,91656,378020,0.919916940631,0.844568852661,0.998084573932
2020-04-15,25,596,,,,,,,4720,1999,8229,77801,33547,138878,212377,93655,386249,0.919611322504,0.844329136178,0.997830534102
2020-04-16,72,668,,,,,,,4658,1948,8099,76794,33033,136522,217035,95604,394347,0.919359161138,0.84405418407,0.997706187778
2020-04-17,57,725,,,,,,,4597,1906,8013,75793,32497,134224,221632,97510,402360,0.919152799393,0.843750804894,0.997545222895
2020-04-18,23,748,,,,,,,4537,1909,7950,74800,31991,132052,226170,99419,410309,0.918971890537,0.843554358841,0.997413528772
2020-04-19,26,774,,,,,,,4478,1855,7909,73818,31467,130022,230648,101275,418218,0.918823028479,0.843297017951,0.997105595186
2020-04-20,48,822,,,,,,,4421,1813,7778,72847,30940,128080,235069,103088,425996,0.918720335503,0.843142445177,0.99701701046
2020-04-21,45,867,,,,,,,4364,1777,7690,71890,30401,126261,239433,104866,433686,0.918648207402,0.843077607382,0.996955208933
2020-04-22,26,893,,,,,,,4308,1732,7659,70947,29848,124585,243741,106599,441344,0.918615850513,0.843025230149,0.996912822833
2020-04-23,94,987,,,,,,,4253,1689,7583,70018,29288,122961,247994,108288,448927,0.918616038708,0.842967706562,0.996873304495
2020-04-24,59,1046,,,,,,,4199,1649,7563,69104,28733,121508,252193,109938,456490,0.918656818351,0.842918568737,0.996902124291
2020-04-25,9,1055,,,,,,,4147,1608,7532,68206,28187,120144,256340,111546,464021,0.918746037152,0.842860005402,0.997033786139
2020-04-26,20,1075,,,,,,,4095,1577,7507,67322,27639,118909,260435,113124,471527,0.9188949621,0.842875722819,0.997103774678
2020-04-27,13,1088,,,,,,,4045,1546,7466,66455,27099,117730,264480,114670,478993,0.919122645317,0.842910475938,0.997397954137
2020-04-28,83,1171,,,,,,,3996,1513,7409,65603,26562,116711,268476,116184,486402,0.919454363684,0.842983746673,0.997955160057
2020-04-29,47,1218,,,,,,,3948,1475,7382,64768,26003,115763,272424,117660,493783,0.91992361127,0.843049057279,0.998743169114
2020-04-30,50,1268,,,,,,,3902,1438,7365,63949,25442,114899,276326,119098,501148,0.920574683525,0.843260213096,0.999554936072
2020-05-01,46,1314,,,,,,,3857,1404,7362,63148,24899,114162,280183,120503,508509,0.921465986777,0.843567534786,1.00058263635
2020-05-02,50,1364,,,,,,,3815,1372,7362,62366,24364,113511,283998,121875,515871,0.922674201481,0.844175568942,1.00236749549
2020-05-03,15,1379,,,,,,,3775,1344,7357,61603,23800,112918,287773,123220,523227,0.924299384937,0.844623500405,1.00420389789
2020-05-04,20,1399,,,,,,,3738,1320,7325,60863,23265,112334,291511,124540,530551,0.926470984411,0.845213464022,1.00636448816
2020-05-05,72,1471,,,,,,,3705,1306,7320,60147,22758,111875,295216,125847,537871,0.929354495144,0.846078077583,1.00912533339
2020-05-06,68,1539,,,,,,,3676,1295,7312,59459,22275,111497,298892,127142,545183,0.933158069175,0.847053252739,1.01315933178
2020-05-07,61,1600,,,,,,,3652,1289,7306,58803,21832,111145,302544,128432,552488,0.938137692249,0.848658059453,1.02182279955
2020-05-08,69,1669,,,,,,,3636,1281,7327,58186,21425,110888,306180,129714,559815,0.944598584837,0.850376618665,1.03471194495
2020-05-09,46,1715,,,,,,,3627,1282,7352,57614,21058,110677,309807,130996,567166,0.952889416054,0.85278178748,1.04705783748
2020-05-10,6,1721,,,,,,,3629,1287,7418,57096,20737,110563,313436,132283,574584,0.96338527856,0.856167718714,1.06100361231
2020-05-11,14,1735,,,,,,,3643,1296,7483,56643,20456,110540,317079,133580,582067,0.97645616792,0.860920394072,1.08973937796
2020-05-12,44,1779,,,,,,,3671,1293,7552,56269,20203,110625,320749,134873,589618,0.992421090694,0.867380167018,1.12112540746
2020-05-13,48,1827,,,,,,,3716,1289,7697,55989,19978,110913,324465,136162,597314,1.01149397568,0.874844056342,1.17129199121
2020-05-14,48,1875,,,,,,,3779,1331,7844,55820,19834,111374,328245,137494,605157,1.03373373819,0.886734066176,1.21957280835
2020-05-15,42,1917,,,,,,,3864,1395,7983,55783,19791,111992,332109,138890,613139,1.05901236277,0.898943849093,1.27144690673
2020-05-16,47,1964,,,,,,,3973,1449,8171,55898,19836,112801,336082,140340,621310,1.08700884665,0.918031764133,1.32393438561
2020-05-17,9,1973,,,,,,,4106,1467,8377,56190,19931,113817,340188,141807,629687,1.11722663527,0.943041989015,1.3706098167
2020-05-18,24,1997,,,,,,,4267,1513,8620,56682,20100,115080,344455,143320,638306,1.14902528589,0.963235684008,1.4100340123
2020-05-19,55,2052,,,,,,,4457,1587,8913,57401,20367,116668,348912,144908,647219,1.18165785454,0.989099658054,1.44356320701
2020-05-20,44,2096,,,,,,,4677,1694,9326,58374,20755,118675,353590,146602,656545,1.21431153012,1.01664710413,1.47824411709
2020-05-21,48,2144,,,,,,,4929,1786,9801,59627,21246,121163,358519,148389,666345,1.24615404957,1.04918888302,1.50837141564
2020-05-22,46,2190,,,,,,,5212,1895,10232,61187,21851,124089,363731,150284,676577,1.27638820599,1.08193914158,1.53874677568
2020-05-23,43,2233,,,,,,,5528,2016,10720,63079,22586,127482,369259,152301,687296,1.30431221976,1.1135282781,1.56325022471
2020-05-24,4,2237,,,,,,,5878,2190,11198,65330,23494,131328,375137,154491,698494,1.32937850337,1.13960821308,1.58165868395
2020-05-25,15,2252,,,,,,,6262,2389,11720,67963,24597,135630,381399,156881,710213,1.35123990425,1.16313511788,1.59691850464
2020-05-26,7,2259,,,,,,,6682,2614,12409,71002,25914,140556,388081,159495,722622,1.36977157022,1.18508444274,1.60862830197
2020-05-27,60,2319,,,,,,,7139,2872,13097,74470,27494,146102,395220,162368,735719,1.38506024794,1.19723767028,1.61751660055
2020-05-28,45,2364,,,,,,,7635,3152,13828,78390,29358,152233,402855,165520,749547,1.39736222888,1.20445153003,1.62367292946
2020-05-29,49,2413,,,,,,,8173,3462,14614,82784,31489,159003,411028,168983,764160,1.407042119,1.21003577107,1.62742401608
2020-05-30,34,2447,,,,,,,8754,3783,15353,87673,33876,166374,419782,172767,779513,1.41450983432,1.21475040218,1.63102027266
2020-05-31,4,2451,,,,,,,9381,4098,16237,93081,36525,174440,429163,176865,795749,1.4201698266,1.21842608198,1.63360246159
2020-06-01,9,2460,,,,,,,10058,4429,17455,99032,39487,183518,439220,181295,813204,1.42435873685,1.22121905901,1.63505460328
2020-06-02,70,2530,,,,,,,10787,4821,18516,105552,42795,193413,450007,186116,831719,1.42740231315,1.22337407188,1.63557070661
2020-06-03,36,2566,,,,,,,11572,5331,19772,112667,46540,204272,461580,191448,851491,1.42952420773,1.22492527146,1.63593554873
2020-06-04,41,2607,,,,,,,12418,5801,21104,120408,50647,216050,473998,197249,872594,1.43091037055,1.2261064991,1.63631174796
2020-06-05,53,2660,,,,,,,13328,6301,22770,128807,55162,229020,487325,203551,895364,1.43169119,1.22641756695,1.63674144888
2020-06-06,28,2688,,,,,,,14306,6845,24500,137900,60112,243287,501631,210397,919863,1.43196572272,1.22660384296,1.63625666954
2020-06-07,12,2700,,,,,,,15356,7477,26168,147728,65574,258735,516987,217875,946031,1.43174818734,1.22661727015,1.63614288211
2020-06-08,12,2712,,,,,,,16482,8241,27851,158332,71625,275388,533469,226116,973881,1.43104129498,1.22640917009,1.63558276845
2020-06-09,53,2765,,,,,,,17687,8944,29806,169757,78179,293473,551156,235060,1003686,1.42980832891,1.22598011037,1.63502762119
2020-06-10,36,2801,,,,,,,18975,9673,31783,182050,85238,312848,570131,244733,1035469,1.42799511298,1.22529230562,1.63416655305
2020-06-11,47,2848,,,,,,,20345,10612,33998,195256,92978,333749,590476,255346,1069467,1.42548359104,1.22450797557,1.63327835558
2020-06-12,29,2877,,,,,,,21799,11479,36475,209419,101304,356395,612275,266825,1105941,1.42211810426,1.22370878992,1.63149360126
2020-06-13,48,2925,,,,,,,23332,12482,38760,224579,110323,380541,635607,279307,1144700,1.41774422778,1.2230376385,1.62854124594
2020-06-14,6,2931,,,,,,,24939,13362,41059,240764,119902,406246,660545,292669,1185758,1.41210799031,1.22206020643,1.6247724325
2020-06-15,7,2938,,,,,,,26610,14349,43521,257992,130153,433530,687155,307019,1229279,1.40499432449,1.22046611886,1.61929625512
2020-06-16,55,2993,,,,,,,28333,15289,46057,276268,141013,462132,715488,322308,1275336,1.39617097982,1.21871399752,1.61360227526
2020-06-17,25,3018,,,,,,,30091,16320,48292,295572,152512,491909,745579,338628,1323627,1.38544516801,1.21204022557,1.60629992616
2020-06-18,43,3061,,,,,,,31866,17602,50588,315865,164783,522725,777445,356231,1374215,1.37266451232,1.19219002611,1.59620459735
2020-06-19,43,3104,,,,,,,33636,18745,52675,337084,177726,554296,811081,374976,1426890,1.3577511735,1.15924794938,1.58254784136
2020-06-20,40,3144,,,,,,,35379,20069,54642,359135,191494,586167,846460,395045,1481531,1.34069837994,1.12627615275,1.56537593617
2020-06-21,17,3161,,,,,,,37069,21346,56743,381898,205995,618410,883529,416392,1538273,1.32158409386,1.0962008085,1.5430927047
2020-06-22,12,3173,,,,,,,38682,22584,58400,405224,221102,650642,922211,438977,1596672,1.30058516288,1.07029493048,1.51606642172
2020-06-23,65,3238,,,,,,,40197,23826,59727,428939,236686,682519,962408,462803,1656399,1.27798717606,1.04714676533,1.49564790374
2020-06-24,43,3281,,,,,,,41594,24867,60982,452847,252610,713694,1004003,487671,1717380,1.25418174612,1.02986469061,1.46939962044
2020-06-25,46,3327,,,,,,,42861,26118,61515,476733,269055,743426,1046863,513789,1778895,1.2296446897,1.01765441962,1.44248935221
2020-06-26,39,3366,,,,,,,43987,27386,62046,500374,285829,771474,1090850,541176,1840940,1.20489595986,1.00489221952,1.41777788651
2020-06-27,24,3390,,,,,,,44971,28495,62658,523546,302845,797657,1135821,569671,1903597,1.18044910172,0.994275375713,1.40248986419
2020-06-28,29,3419,,,,,,,45812,29203,63555,546026,319567,822452,1181633,598874,1967152,1.15676172211,0.985459840412,1.39009536363
2020-06-29,28,3447,,,,,,,46514,30221,64141,567601,336426,845534,1228146,629096,2031292,1.13419894476,0.978807287125,1.37263326089
2020-06-30,58,3505,,,,,,,47082,30952,64603,588074,353029,866616,1275229,660048,2095895,1.11301840218,0.969318160759,1.34280641052
2020-07-01,45,3550,,,,,,,47525,31492,65773,607265,369232,886333,1322753,691540,2161668,1.09337740366,0.963674332509,1.30469655185
2020-07-02,67,3617,,,,,,,47848,31984,65920,625022,384896,903961,1370601,723524,2227588,1.07535400622,0.955157070291,1.28308984552
2020-07-03,67,3684,,,,,,,48062,32478,65999,641218,399771,919372,1418663,756003,2293586,1.05896997795,0.947756535499,1.26391252507
2020-07-04,18,3702,,,,,,,48175,32662,66204,655757,413689,932901,1466838,788666,2359790,1.04420727889,0.942060274275,1.23771620921
2020-07-05,29,3731,,,,,,,48199,32994,65962,668577,426615,944222,1515037,821661,2425752,1.03101670019,0.936969993809,1.21445388037
2020-07-06,47,3778,,,,,,,48144,33245,65922,679652,438514,953401,1563181,854906,2491674,1.01932223704,0.930500736821,1.19291157922
2020-07-07,63,3841,,,,,,,48018,33320,65839,688988,449249,960840,1611199,888227,2557512,1.00902540475,0.924051788251,1.17002712619
2020-07-08,48,3889,,,,,,,47832,33438,65321,696623,458862,966434,1659032,921665,2622832,1.00001143992,0.920992622022,1.14306413934
2020-07-09,120,4009,,,,,,,47594,33434,64707,702623,467429,970159,1706625,955100,2687539,0.992156806767,0.916517860115,1.11997681042
2020-07-10,93,4102,,,,,,,47310,33348,64500,707072,474659,973144,1753935,988448,2752039,0.985336316582,0.912235443245,1.09932238916
2020-07-11,95,4197,,,,,,,46988,33199,63798,710073,480472,974896,1800924,1021648,2815836,0.979428510398,0.908739481774,1.07794216409
2020-07-12,45,4242,,,,,,,46634,33064,62910,711737,485041,975149,1847558,1054713,2878746,0.974318910319,0.906609925767,1.05946357711
2020-07-13,35,4277,,,,,,,46253,32967,62197,712178,488806,973791,1893810,1087681,2940942,0.969901531172,0.902921719881,1.04521772688
2020-07-14,132,4409,,,,,,,45849,32988,61339,711513,491573,970989,1939659,1120669,3002281,0.966079353713,0.900517813835,1.03518052104
2020-07-15,112,4521,,,,,,,45427,32992,60312,709857,493613,966698,1985086,1153661,3062593,0.962764369365,0.897147435884,1.0289138343
2020-07-16,156,4677,,,,,,,44989,32759,59441,707321,494880,960366,2030074,1186421,3122033,0.959877535924,0.893737758875,1.02309193358
2020-07-17,128,4805,,,,,,,44539,32650,58461,704012,495546,952907,2074613,1219071,3180494,0.957348727715,0.89188376315,1.01907578933
2020-07-18,90,4895,,,,,,,44078,32602,57643,700029,495670,944550,2118691,1251674,3238136,0.955116619435,0.890730301012,1.01551808907
2020-07-19,87,4982,,,,,,,43609,32488,57021,695463,495496,935367,2162300,1284162,3295156,0.953128414907,0.889583190388,1.01397791072
2020-07-20,90,5072,,,,,,,43134,32255,56251,690397,494757,925655,2205434,1316418,3351407,0.951339373888,0.888285582532,1.0124776224
2020-07-21,134,5206,,,,,,,42652,31937,55645,684905,493449,915379,2248086,1348355,3407052,0.949712148987,0.887246320535,1.01099812015
2020-07-22,139,5345,,,,,,,42166,31706,54777,679053,491834,904316,2290253,1380062,3461828,0.948215987338,0.885719690312,1.00962282756
2020-07-23,173,5518,,,,,,,41677,31344,54269,672898,489740,893264,2331930,1411406,3516096,0.946825867944,0.884204447312,1.00759265251
2020-07-24,135,5653,,,,,,,41185,31038,53316,666489,487343,881874,2373114,1442444,3569412,0.945521640548,0.882831712751,1.00615604429
2020-07-25,124,5777,,,,,,,40690,30767,52734,659869,484763,870107,2413804,1473211,3622145,0.944287215612,0.881422926325,1.00508093338
2020-07-26,77,5854,,,,,,,40194,30237,51870,653075,481800,858180,2453998,1503449,3674015,0.943109835915,0.880265338128,1.00394806707
2020-07-27,77,5931,,,,,,,39696,29868,51349,646137,478604,846618,2493695,1533317,3725363,0.941979443801,0.879163028286,1.00311041001
2020-07-28,186,6117,,,,,,,39198,29246,51033,639082,474883,835454,2532893,1562564,3776396,0.940888145927,0.877655408773,1.00223676936
2020-07-29,216,6333,,,,,,,38699,28784,50272,631933,470679,824387,2571592,1591349,3826667,0.939829769701,0.876478077285,1.00121858544
2020-07-30,253,6586,,,,,,,38201,28269,49686,624707,465956,813761,2609793,1619618,3876353,0.938799501549,0.875312687012,1.00003020024
2020-07-31,257,6843,,,,,,,37702,27771,48957,617420,460968,803277,2647495,1647389,3925310,0.937793595516,0.874481371363,0.998887178559
2020-08-01,179,7022,,,,,,,37204,27366,48504,610086,455684,793320,2684699,1674756,3973813,0.936809140782,0.873572369492,0.997682130945
2020-08-02,62,7084,,,,,,,36707,26798,47913,602714,449880,783591,2721406,1701554,4021726,0.935843877547,0.872865492291,0.996688156456
2020-08-03,73,7157,,,,,,,36211,26248,47429,595316,443640,773999,2757616,1727802,4069155,0.934896052067,0.872177865653,0.99578430123
2020-08-04,245,7402,,,,,,,35716,25737,46722,587898,437121,764470,2793332,1753540,4115877,0.933964303009,0.87150887993,0.994882687871
2020-08-05,225,7627,,,,,,,35222,25139,46091,580468,430324,754916,2828554,1778680,4161967,0.933047572683,0.870857990051,0.993982920299
2020-08-06,120,7747,,,,,,,34730,24674,45814,573031,423292,745954,2863284,1803354,4207781,0.932145037882,0.869981237891,0.993084747063
2020-08-07,180,7927,,,,,,,34240,24185,45418,565595,416134,737103,2897524,1827540,4253199,0.931256056119,0.869225068317,0.991990897915
2020-08-08,182,8109,,,,,,,33752,23563,44782,558163,408659,728569,2931277,1851104,4297981,0.930380123884,0.868493513001,0.990827492768
2020-08-09,77,8186,,,,,,,33307,23170,44522,550780,401062,720357,2964584,1874274,4342502,0.930684381396,0.869462699184,0.991253821293
2020-08-10,91,8277,,,,,,,32863,22685,44199,543449,393511,712686,2997448,1896960,4386700,0.931002861444,0.869633327308,0.991328176341
2020-08-11,276,8553,,,,,,,32423,22122,43733,536176,385765,705070,3029871,1919082,4430433,0.931334339827,0.870376255933,0.992093081901
2020-08-12,212,8765,,,,,,,31988,21650,43599,528966,378169,697636,3061858,1940733,4474031,0.931678673202,0.870684914442,0.993202419391
2020-08-13,148,8913,,,,,,,31562,21143,43157,521828,370527,690521,3093420,1961876,4517187,0.932035706262,0.87122027276,0.994591959102
2020-08-14,228,9141,,,,,,,31149,20729,43114,514777,362987,683948,3124570,1982606,4560301,0.932405261853,0.870507710795,0.994134892059
2020-08-15,204,9345,,,,,,,30747,20186,42756,507822,355402,677747,3155317,2002792,4603056,0.932787083105,0.87166999082,0.994522943577
2020-08-16,107,9452,,,,,,,30353,19770,42391,500970,347806,671634,3185669,2022562,4645446,0.93318082334,0.870238679634,0.996349497904
2020-08-17,87,9539,,,,,,,29966,19298,42198,494229,340307,665918,3215635,2041861,4687644,0.933586227671,0.869910745293,0.997074782625
2020-08-18,219,9758,,,,,,,29587,18823,41899,487606,332881,660388,3245222,2060684,4729543,0.934003111231,0.870452090991,0.998086214721
2020-08-19,174,9932,,,,,,,29217,18371,41498,481108,325515,655164,3274439,2079055,4771040,0.934431295751,0.869816997989,0.998988755465
2020-08-20,117,10049,,,,,,,28857,17928,41223,474743,318303,650295,3303296,2096984,4812262,0.934870603711,0.870137088526,1.00009559073
2020-08-21,119,10168,,,,,,,28505,17600,41080,468517,311229,645561,3331801,2114584,4853341,0.93532082331,0.868782318352,1.0024452011
2020-08-22,106,10274,,,,,,,28161,17196,40872,462439,304241,641015,3359963,2131781,4894213,0.935781745686,0.866730140896,1.00384346269
2020-08-23,51,10325,,,,,,,27826,16824,40780,456512,297501,637012,3387789,2148605,4934992,0.936253178258,0.864238980141,1.00437100504
2020-08-24,72,10397,,,,,,,27499,16427,40634,450703,290758,633125,3415287,2165033,4975626,0.936734938552,0.86412352896,1.00654849788
2020-08-25,183,10580,,,,,,,27180,16053,40562,445019,284125,629488,3442467,2181086,5016188,0.937226845823,0.862811581386,1.00775195655
2020-08-26,153,10733,,,,,,,26869,15662,40465,439465,277665,626219,3469336,2196748,5056652,0.937728711628,0.861550947812,1.01072068822
2020-08-27,135,10868,,,,,,,26567,15275,40531,434045,271290,623151,3495903,2212024,5097182,0.938240342606,0.86154329806,1.01297279417
2020-08-28,89,10957,,,,,,,26273,14906,40514,428755,265054,620508,3522176,2226931,5137695,0.938761546234,0.859318621303,1.01602182782
2020-08-29,148,11105,,,,,,,25987,14571,40382,423593,258896,617776,3548162,2241502,5178076,0.939292131743,0.857445053137,1.01950337312
2020-08-30,14,11119,,,,,,,25709,14235,40355,418554,252945,615375,3573871,2255737,5218430,0.939831908731,0.856036980371,1.02160000131
2020-08-31,68,11187,,,,,,,25439,13877,40243,413640,247052,613227,3599310,2269615,5258673,0.940380684226,0.855551398428,1.02369484542
2020-09-01,187,11374,,,,,,,25177,13506,40400,408852,241260,611429,3624487,2283122,5299072,0.940938261882,0.854473677312,1.02564433617
2020-09-02,127,11501,,,,,,,24924,13176,40385,404189,235613,609915,3649411,2296298,5339457,0.941504442978,0.85369257337,1.0285124305
2020-09-03,149,11650,,,,,,,24678,12867,40419,399650,230109,608837,3674089,2309165,5379876,0.942079027192,0.853603479397,1.0311540097
2020-09-04,100,11750,,,,,,,24441,12568,40473,395234,224750,608087,3698530,2321734,5420348,0.942661812588,0.852915722131,1.03464726829
2020-09-05,61,11811,,,,,,,24212,12264,40882,390940,219414,607888,3722742,2333998,5461229,0.943252594901,0.851102510661,1.03694479011
2020-09-06,38,11849,,,,,,,23991,11975,41305,386770,214192,608320,3746733,2345974,5502533,0.943851166933,0.849727271602,1.03932798466
2020-09-07,22,11871,,,,,,,23778,11695,41598,382722,209064,609139,3770510,2357670,5544131,0.944457318479,0.848904250689,1.0424518238
2020-09-08,44,11915,,,,,,,23573,11326,41816,378796,203963,610321,3794083,2368996,5585946,0.945070836449,0.847914234928,1.04565684602
2020-09-09,195,12110,,,,,,,23376,10969,42155,374993,198880,611914,3817459,2379966,5628101,0.945691504882,0.84662267413,1.04829720134
2020-09-10,216,12326,,,,,,,23188,10584,42283,371311,193802,613732,3840647,2390551,5670384,0.946319104739,0.845103848272,1.05042851943
2020-09-11,176,12502,,,,,,,23008,10231,42608,367752,188758,615810,3863655,2400782,5712991,0.946953413594,0.843339547791,1.05350071986
2020-09-12,98,12600,,,,,,,22836,9941,42709,364315,183793,618005,3886490,2410724,5755700,0.947594205412,0.841589325694,1.05701209913
2020-09-13,8,12608,,,,,,,22672,9705,42846,361000,178926,620470,3909162,2420429,5798545,0.948241250416,0.840122859227,1.06032720925
2020-09-14,34,12642,,,,,,,22517,9390,43283,357808,174082,623398,3931679,2429820,5841828,0.948894314966,0.838588936449,1.06512141871
2020-09-15,145,12787,,,,,,,22370,9167,43529,354739,169372,626684,3954049,2438987,5885357,0.949553161377,0.837038908567,1.06679381853
2020-09-16,152,12939,,,,,,,22231,8941,44063,351793,164807,630348,3976280,2447929,5929420,0.950218609834,0.834972864762,1.06848309663
2020-09-17,147,13086,,,,,,,22101,8669,44414,348970,160300,634376,3998381,2456598,5973833,0.950891693921,0.832927396475,1.07031793106
2020-09-18,139,13225,,,,,,,21980,8392,44950,346272,155825,638907,4020361,2464990,6018782,0.951569808411,0.830924549513,1.07235020514
2020-09-19,62,13287,,,,,,,21867,8085,45496,343698,151342,643930,4042228,2473076,6064278,0.952253024683,0.828909668271,1.07572871314
2020-09-20,9,13296,,,,,,,21763,7758,45805,341249,146836,648853,4063991,2480835,6110082,0.952941868146,0.827238045057,1.08050604959
2020-09-21,21,13317,,,,,,,21668,7443,46245,338926,142304,653794,4085659,2488278,6156326,0.953640418591,0.825781888537,1.0840901987
2020-09-22,99,13416,,,,,,,21581,7142,46936,336730,137750,659131,4107240,2495420,6203262,0.954344125603,0.823960046351,1.08822123561
2020-09-23,202,13618,,,,,,,21504,6929,47523,334661,133353,664838,4128744,2502350,6250784,0.955054197284,0.822077621209,1.09239377447
2020-09-24,177,13795,,,,,,,21436,6669,48273,332720,129053,670956,4150180,2509020,6299057,0.955771404455,0.820318063485,1.09550483244
2020-09-25,120,13915,,,,,,,21377,6421,48955,330909,124890,677629,4171556,2515441,6348012,0.956492418526,0.818419888923,1.09858231566
2020-09-26,107,14022,,,,,,,21327,6183,49324,329228,120843,684344,4192883,2521625,6397335,0.957216315868,0.816622423434,1.10085551782
2020-09-27,,,99.2885871051,56,153,14121.2885871,14078,14175,21286,5940,49794,327679,116842,691429,4214169,2527566,6447128,0.957947753976,0.8148524522,1.10356462186
2020-09-28,,,97.668473212,55,152,14218.9570603,14134,14327,21255,5771,50336,326262,112908,698919,4235425,2533337,6497464,0.958688186563,0.814467127807,1.10681095386
2020-09-29,,,96.1000678754,53,151,14315.0571282,14188,14477,21234,5508,50913,324980,109025,706548,4256659,2538846,6548376,0.959433033061,0.813412365765,1.10928960357
2020-09-30,,,94.5805502099,52,151,14409.6376784,14240,14628,21223,5298,51953,323833,105156,714972,4277882,2544144,6600328,0.960183706969,0.812929821828,1.11083786913
2020-10-01,,,93.1075760532,50,150,14502.7452545,14290,14777,21221,5125,52776,322823,101341,723685,4299103,2549270,6653104,0.960938489033,0.812657809783,1.11315689435
2020-10-02,,,91.6791824476,48,149,14594.4244369,14339,14926,21230,4958,53950,321951,97630,733221,4320333,2554229,6707054,0.961699244985,0.812453659734,1.1154012072
2020-10-03,,,90.2937169583,47,150,14684.7181539,14386,15076,21249,4783,55197,321220,94021,743468,4341581,2559012,6762250,0.96246180594,0.812257678781,1.11758248681
2020-10-04,,,88.9503988917,46,150,14773.6685528,14433,15226,21278,4625,56499,320631,90561,754471,4362859,2563637,6818748,0.963225303625,0.812069558746,1.11972728071
2020-10-05,,,87.6484670513,44,151,14861.3170198,14477,15376,21318,4472,57858,320186,87275,766525,4384177,2568110,6876606,0.963989530567,0.811759495128,1.12307940774
2020-10-06,,,86.3871784903,43,151,14947.7041983,14521,15527,21368,4325,59242,319887,84157,779521,4405546,2572436,6935847,0.964760336262,0.810766907991,1.12564127354
2020-10-07,,,85.16581052,42,151,15032.8700088,14563,15677,21430,4194,60712,319735,81209,793297,4426976,2576630,6996559,0.9655329734,0.810244260698,1.12796929484
2020-10-08,,,83.9836644699,40,150,15116.8536733,14604,15827,21503,4065,62209,319734,78346,807983,4448478,2580696,7058767,0.96630622305,0.808854751845,1.13007685707
2020-10-09,,,82.8401239006,39,150,15199.6937972,14643,15977,21587,3930,63721,319885,75606,823431,4470065,2584627,7122487,0.967079341705,0.807494630856,1.13282839847
2020-10-10,,,81.7345925989,37,150,15281.4283898,14681,16126,21682,3790,65289,320191,72975,839764,4491747,2588417,7187775,0.967851697058,0.806711763026,1.13543845634
2020-10-11,,,81.2631151919,36,151,15362.691505,14717,16277,21790,3631,66997,320654,70423,857438,4513537,2592049,7254772,0.968626558062,0.806573322518,1.13857447285
2020-10-12,,,80.8220350201,35,152,15443.51354,14752,16429,21909,3505,68837,321277,67988,876481,4535447,2595554,7323608,0.969399142067,0.806450568709,1.14061080126
2020-10-13,,,80.4114926311,34,154,15523.9250326,14787,16582,22041,3386,70743,322063,65602,896888,4557488,2598940,7394351,0.970171747237,0.806336436015,1.14308156891
2020-10-14,,,80.0316662611,33,156,15603.9566989,14821,16738,22185,3261,72974,323014,63355,918949,4579673,2602202,7467325,0.970942615092,0.806226999341,1.14589526562
2020-10-15,,,79.682767202,32,158,15683.6394661,14853,16895,22342,3145,75047,324134,61202,942043,4602015,2605347,7542371,0.971709059064,0.806033396654,1.14904412273
2020-10-16,,,79.3650365448,31,160,15763.0045026,14885,17055,22512,3026,76935,325425,59103,966202,4624528,2608373,7619306,0.972470469444,0.805911325235,1.15189123844
2020-10-17,,,79.0787429065,31,162,15842.0832455,14917,17216,22696,2897,79307,326891,57042,991558,4647223,2611271,7698612,0.973228538348,0.805803208247,1.15316840227
2020-10-18,,,78.8241828264,30,163,15920.9074284,14947,17379,22892,2781,81458,328534,55040,1017820,4670116,2614052,7780069,0.973984393758,0.805228817563,1.15445580522
2020-10-19,,,78.6016841631,29,165,15999.5091125,14976,17544,23102,2682,83570,330358,53097,1044891,4693218,2616735,7863639,0.974721376747,0.805174567826,1.15572507326
2020-10-20,,,78.4116066022,28,168,16077.9207191,15005,17711,23325,2586,85910,332366,51211,1072943,4716543,2619322,7949548,0.975444480225,0.804821788682,1.15788959449
2020-10-21,,,78.2543408925,27,170,16156.17506,15032,17881,23561,2484,88363,334559,49370,1102064,4740104,2621806,8037911,0.976148252588,0.804669842363,1.1600758416
2020-10-22,,,78.1303068936,26,173,16234.3053669,15058,18053,23811,2383,91085,336939,47559,1132437,4763915,2624189,8128996,0.9768290187,0.804520823661,1.16254407305
2020-10-23,,,78.039955338,25,176,16312.3453223,15084,18229,24074,2285,93774,339510,45779,1164003,4787988,2626475,8222769,0.977494385478,0.8043628351,1.16526009907
2020-10-24,,,77.9824791864,24,178,16390.3278014,15108,18406,24350,2192,96398,342273,44041,1196680,4812338,2628668,8319167,0.978142997187,0.804464150898,1.16739029375
2020-10-25,,,77.9584821196,23,180,16468.2862836,15132,18585,24640,2103,99200,345231,42354,1230592,4836978,2630771,8418367,0.978774286386,0.803473269522,1.16992700033
2020-10-26,,,77.9685954108,22,182,16546.254879,15154,18766,24943,2017,102138,348384,40740,1265732,4861921,2632789,8520504,0.979384938539,0.802496577873,1.17085258634
2020-10-27,,,78.0134787227,22,184,16624.2683577,15176,18950,25259,1935,105099,351733,39170,1301994,4887180,2634725,8625602,0.979970526743,0.801409513407,1.1738701443
2020-10-28,,,78.09381915,21,188,16702.3621768,15198,19137,25587,1856,107902,355279,37641,1339153,4912767,2636582,8733504,0.980533138525,0.800686775707,1.1720776306
2020-10-29,,,78.2103323326,20,192,16780.5725092,15218,19329,25927,1781,110780,359021,36161,1376959,4938694,2638363,8844284,0.981033816704,0.800426662532,1.16873467893
2020-10-30,,,78.363765453,20,197,16858.9362746,15238,19525,26278,1714,114901,362957,34730,1416814,4964972,2640077,8959184,0.98148327156,0.800170280192,1.16579116908
2020-10-31,,,78.5548966249,19,202,16937.4911713,15258,19726,26640,1650,116983,367084,33354,1456861,4991612,2641727,9076166,0.98189818832,0.799598634252,1.16521022613
2020-11-01,,,78.7845344707,18,207,17016.2757057,15276,19932,27013,1588,119294,371402,32044,1496848,5018625,2643316,9195460,0.982284483582,0.799002121027,1.16242759169
